200 235 1
200 380 1
240 245 1
240 255 1
240 267 1
240 269 1
240 271 1
240 273 1
240 275 1
240 280 1
240 300 1
245 255 1
245 267 1
245 269 1
245 271 1
245 273 1
245 275 1
245 280 1
245 300 1
255 267 1
255 269 1
255 271 1
255 273 1
255 275 1
255 280 1
255 300 1
267 269 1
267 271 1
267 273 1
267 275 1
267 280 1
267 300 1
269 271 1
269 273 1
269 275 1
269 280 1
269 300 1
271 273 1
271 275 1
271 280 1
271 300 1
273 275 1
273 280 1
273 300 1
275 280 1
275 300 1
280 300 1
300 337 1
300 325 1
325 329 1
255 300 1
255 365 1
300 365 1
300 365 1
255 300 1
255 365 1
300 365 1
255 365 1
200 365 1
160 200 -1
200 160 -1
160 220 -1
220 160 -1
2 70 -1
70 2 -1
140 200 -1
200 140 -1
