200 235 1
200 380 1
240 245 1
240 255 1
240 267 1
240 269 1
240 271 1
240 273 1
240 275 1
240 280 1
240 300 1
245 255 1
245 267 1
245 269 1
245 271 1
245 273 1
245 275 1
245 280 1
245 300 1
255 267 1
255 269 1
255 271 1
255 273 1
255 275 1
255 280 1
255 300 1
267 269 1
267 271 1
267 273 1
267 275 1
267 280 1
267 300 1
269 271 1
269 273 1
269 275 1
269 280 1
269 300 1
271 273 1
271 275 1
271 280 1
271 300 1
273 275 1
273 280 1
273 300 1
275 280 1
275 300 1
280 300 1
300 332 1
300 335 1
255 300 1
200 220 1
200 640 1
220 640 1
200 220 1
255 300 1
300 640 1
200 220 1
200 300 1
220 300 1
220 300 1
200 365 -1
365 200 -1
220 365 -1
365 220 -1
300 365 -1
365 300 -1
365 640 -1
640 365 -1
2 200 -1
200 2 -1
300 365 -1
365 300 -1
101 210 -1
210 101 -1
2 230 -1
230 2 -1
200 350 -1
350 200 -1
220 350 -1
350 220 -1
350 640 -1
640 350 -1
