200 235 1
200 380 1
240 245 1
240 255 1
240 267 1
240 269 1
240 271 1
240 273 1
240 275 1
240 280 1
240 300 1
245 255 1
245 267 1
245 269 1
245 271 1
245 273 1
245 275 1
245 280 1
245 300 1
255 267 1
255 269 1
255 271 1
255 273 1
255 275 1
255 280 1
255 300 1
267 269 1
267 271 1
267 273 1
267 275 1
267 280 1
267 300 1
269 271 1
269 273 1
269 275 1
269 280 1
269 300 1
271 273 1
271 275 1
271 280 1
271 300 1
273 275 1
273 280 1
273 300 1
275 280 1
275 300 1
280 300 1
200 220 1
200 300 1
220 300 1
140 160 1
240 245 1
240 269 1
240 271 1
240 275 1
240 300 1
245 269 1
245 271 1
245 275 1
245 300 1
269 271 1
269 275 1
269 300 1
271 275 1
271 300 1
275 300 1
135 145 1
100 130 1
255 300 1
220 325 1
70 220 -1
220 70 -1
240 390 -1
390 240 -1
255 390 -1
390 255 -1
269 390 -1
390 269 -1
271 390 -1
390 271 -1
275 390 -1
390 275 -1
300 390 -1
390 300 -1
255 269 -1
269 255 -1
240 255 -1
255 240 -1
255 269 -1
269 255 -1
135 230 -1
230 135 -1
155 230 -1
230 155 -1
140 150 -1
150 140 -1
2 230 -1
230 2 -1
365 710 -1
710 365 -1
