200 235 1
200 380 1
255 300 1
255 300 1
255 325 1
300 325 1
255 300 1
255 325 1
255 360 1
300 325 1
300 360 1
325 360 1
200 300 1
200 325 1
300 325 1
200 300 1
200 325 1
300 325 1
220 365 1
365 710 1
200 365 -1
365 200 -1
200 730 -1
730 200 -1
365 740 -1
740 365 -1
255 710 -1
710 255 -1
200 350 -1
350 200 -1
200 640 -1
640 200 -1
220 350 -1
350 220 -1
220 640 -1
640 220 -1
255 350 -1
350 255 -1
255 640 -1
640 255 -1
300 350 -1
350 300 -1
300 640 -1
640 300 -1
325 350 -1
350 325 -1
325 640 -1
640 325 -1
350 365 -1
365 350 -1
365 640 -1
640 365 -1
200 220 -1
220 200 -1
155 160 -1
160 155 -1
350 640 -1
640 350 -1
200 235 -1
235 200 -1
