200 235 1
200 380 1
255 300 1
255 300 1
255 325 1
300 325 1
255 300 1
255 325 1
255 360 1
300 325 1
300 360 1
325 360 1
220 365 1
200 740 1
220 325 1
200 220 1
200 230 1
220 230 1
90 91 1
90 92 1
90 93 1
90 94 1
91 92 1
91 93 1
91 94 1
92 93 1
92 94 1
93 94 1
325 365 1
365 740 1
130 145 1
325 640 -1
640 325 -1
365 630 -1
630 365 -1
300 325 -1
325 300 -1
200 255 -1
255 200 -1
220 255 -1
255 220 -1
230 600 -1
600 230 -1
100 135 -1
135 100 -1
135 145 -1
145 135 -1
135 155 -1
155 135 -1
2 70 -1
70 2 -1
2 90 -1
90 2 -1
255 385 -1
385 255 -1
200 325 -1
325 200 -1
150 160 -1
160 150 -1
130 135 -1
135 130 -1
2 41 -1
41 2 -1
41 255 -1
255 41 -1
220 600 -1
600 220 -1
220 325 -1
325 220 -1
