200 235 1
255 300 1
255 300 1
255 325 1
300 325 1
255 300 1
255 325 1
255 360 1
300 325 1
300 360 1
325 360 1
220 365 1
200 740 1
220 325 1
200 220 1
200 230 1
220 230 1
90 91 1
90 92 1
90 93 1
90 94 1
91 92 1
91 93 1
91 94 1
92 93 1
92 94 1
93 94 1
325 365 1
365 740 1
130 145 1
345 355 1
350 355 1
200 220 1
345 350 1
300 345 -1
345 300 -1
2 70 -1
70 2 -1
90 200 -1
200 90 -1
355 365 -1
365 355 -1
365 640 -1
640 365 -1
130 135 -1
135 130 -1
93 100 -1
100 93 -1
345 640 -1
640 345 -1
350 640 -1
640 350 -1
355 640 -1
640 355 -1
345 355 -1
355 345 -1
350 355 -1
355 350 -1
355 360 -1
360 355 -1
355 640 -1
640 355 -1
70 200 -1
200 70 -1
70 255 -1
255 70 -1
70 230 -1
230 70 -1
365 710 -1
710 365 -1
