200 235 1
255 300 1
255 300 1
255 325 1
300 325 1
255 300 1
255 325 1
255 360 1
300 325 1
300 360 1
325 360 1
220 365 1
200 740 1
220 325 1
200 220 1
200 230 1
220 230 1
90 91 1
90 92 1
90 93 1
90 94 1
91 92 1
91 93 1
91 94 1
92 93 1
92 94 1
93 94 1
325 365 1
365 740 1
130 145 1
200 220 1
345 350 1
255 640 1
355 640 1
300 355 1
255 355 1
360 365 1
2 42 -1
42 2 -1
2 41 -1
41 2 -1
2 70 -1
70 2 -1
200 300 -1
300 200 -1
220 300 -1
300 220 -1
300 365 -1
365 300 -1
300 345 -1
345 300 -1
211 255 -1
255 211 -1
200 255 -1
255 200 -1
200 640 -1
640 200 -1
220 640 -1
640 220 -1
220 255 -1
255 220 -1
255 365 -1
365 255 -1
365 640 -1
640 365 -1
300 360 -1
360 300 -1
300 325 -1
325 300 -1
325 640 -1
640 325 -1
255 345 -1
345 255 -1
345 640 -1
640 345 -1
211 300 -1
300 211 -1
300 740 -1
740 300 -1
255 740 -1
740 255 -1
355 360 -1
360 355 -1
710 740 -1
740 710 -1
255 325 -1
325 255 -1
300 325 -1
325 300 -1
325 339 -1
339 325 -1
345 355 -1
355 345 -1
630 640 -1
640 630 -1
93 100 -1
100 93 -1
200 210 -1
210 200 -1
210 255 -1
255 210 -1
160 255 -1
255 160 -1
235 255 -1
255 235 -1
255 380 -1
380 255 -1
70 200 -1
200 70 -1
365 710 -1
710 365 -1
255 360 -1
360 255 -1
360 640 -1
640 360 -1
350 355 -1
355 350 -1
350 640 -1
640 350 -1
210 365 -1
365 210 -1
