200 235 1
255 300 1
255 300 1
255 300 1
200 740 1
220 325 1
90 91 1
90 92 1
90 93 1
90 94 1
91 92 1
91 93 1
91 94 1
92 93 1
92 94 1
93 94 1
130 145 1
200 220 1
345 350 1
255 640 1
355 640 1
300 355 1
255 355 1
200 220 1
200 325 1
220 325 1
255 300 1
255 355 1
300 355 1
200 220 1
200 325 1
200 360 1
220 325 1
220 360 1
325 360 1
2 365 -1
365 2 -1
200 365 -1
365 200 -1
220 365 -1
365 220 -1
325 365 -1
365 325 -1
350 365 -1
365 350 -1
360 365 -1
365 360 -1
365 740 -1
740 365 -1
200 300 -1
300 200 -1
220 300 -1
300 220 -1
2 300 -1
300 2 -1
300 365 -1
365 300 -1
300 350 -1
350 300 -1
255 350 -1
350 255 -1
300 345 -1
345 300 -1
300 325 -1
325 300 -1
211 255 -1
255 211 -1
2 255 -1
255 2 -1
200 255 -1
255 200 -1
200 640 -1
640 200 -1
220 640 -1
640 220 -1
220 255 -1
255 220 -1
255 365 -1
365 255 -1
255 345 -1
345 255 -1
365 640 -1
640 365 -1
345 355 -1
355 345 -1
345 640 -1
640 345 -1
200 355 -1
355 200 -1
220 355 -1
355 220 -1
325 355 -1
355 325 -1
350 640 -1
640 350 -1
325 640 -1
640 325 -1
235 255 -1
255 235 -1
255 325 -1
325 255 -1
350 355 -1
355 350 -1
140 255 -1
255 140 -1
255 800 -1
800 255 -1
300 800 -1
800 300 -1
93 255 -1
255 93 -1
93 300 -1
300 93 -1
40 255 -1
255 40 -1
365 630 -1
630 365 -1
145 150 -1
150 145 -1
91 93 -1
93 91 -1
360 365 -1
365 360 -1
220 339 -1
339 220 -1
325 339 -1
339 325 -1
339 345 -1
345 339 -1
345 360 -1
360 345 -1
255 380 -1
380 255 -1
255 385 -1
385 255 -1
210 255 -1
255 210 -1
255 380 -1
380 255 -1
710 740 -1
740 710 -1
2 70 -1
70 2 -1
200 365 -1
365 200 -1
365 368 -1
368 365 -1
200 365 -1
365 200 -1
365 367 -1
367 365 -1
365 366 -1
366 365 -1
365 375 -1
375 365 -1
91 255 -1
255 91 -1
90 255 -1
255 90 -1
255 710 -1
710 255 -1
300 710 -1
710 300 -1
365 640 -1
640 365 -1
255 365 -1
365 255 -1
255 339 -1
339 255 -1
300 339 -1
339 300 -1
339 355 -1
355 339 -1
339 640 -1
640 339 -1
230 255 -1
255 230 -1
