200 235 1
200 740 1
130 145 1
315 345 1
211 220 1
200 365 -1
365 200 -1
2 365 -1
365 2 -1
200 365 -1
365 200 -1
220 365 -1
365 220 -1
325 365 -1
365 325 -1
365 740 -1
740 365 -1
211 255 -1
255 211 -1
220 255 -1
255 220 -1
325 640 -1
640 325 -1
200 640 -1
640 200 -1
220 640 -1
640 220 -1
325 640 -1
640 325 -1
365 740 -1
740 365 -1
200 365 -1
365 200 -1
365 630 -1
630 365 -1
135 155 -1
155 135 -1
145 155 -1
155 145 -1
290 365 -1
365 290 -1
350 640 -1
640 350 -1
290 368 -1
368 290 -1
365 375 -1
375 365 -1
325 339 -1
339 325 -1
91 93 -1
93 91 -1
2 70 -1
70 2 -1
710 740 -1
740 710 -1
200 365 -1
365 200 -1
200 365 -1
365 200 -1
290 365 -1
365 290 -1
365 368 -1
368 365 -1
200 365 -1
365 200 -1
220 365 -1
365 220 -1
290 365 -1
365 290 -1
365 366 -1
366 365 -1
365 367 -1
367 365 -1
365 366 -1
366 365 -1
365 375 -1
375 365 -1
365 740 -1
740 365 -1
220 640 -1
640 220 -1
