200 235 1
200 740 1
130 145 1
315 345 1
211 220 1
220 290 1
365 630 1
640 700 1
290 360 1
315 360 1
345 360 1
630 700 1
2 200 1
2 220 1
2 740 1
200 220 1
200 740 1
220 740 1
305 315 1
200 255 -1
255 200 -1
211 255 -1
255 211 -1
220 255 -1
255 220 -1
255 325 -1
325 255 -1
2 95 -1
95 2 -1
94 95 -1
95 94 -1
325 640 -1
640 325 -1
365 740 -1
740 365 -1
365 640 -1
640 365 -1
200 365 -1
365 200 -1
365 630 -1
630 365 -1
305 310 -1
310 305 -1
365 366 -1
366 365 -1
365 367 -1
367 365 -1
339 345 -1
345 339 -1
350 640 -1
640 350 -1
290 368 -1
368 290 -1
255 290 -1
290 255 -1
2 40 -1
40 2 -1
2 92 -1
92 2 -1
145 150 -1
150 145 -1
365 740 -1
740 365 -1
220 640 -1
640 220 -1
365 710 -1
710 365 -1
365 710 -1
710 365 -1
