200 235 1
130 145 1
315 345 1
211 220 1
220 290 1
365 630 1
640 700 1
290 360 1
315 360 1
345 360 1
630 700 1
2 200 1
2 220 1
2 740 1
200 220 1
200 740 1
220 740 1
305 315 1
90 91 1
90 92 1
90 93 1
90 94 1
91 92 1
91 93 1
91 94 1
92 93 1
92 94 1
93 94 1
366 367 1
220 315 1
325 345 1
315 325 1
200 211 1
200 220 1
200 255 1
200 325 1
211 220 1
211 255 1
211 325 1
220 255 1
220 325 1
255 325 1
220 290 1
220 315 1
365 640 1
350 355 -1
355 350 -1
220 325 -1
325 220 -1
365 700 -1
700 365 -1
710 740 -1
740 710 -1
350 640 -1
640 350 -1
200 640 -1
640 200 -1
220 640 -1
640 220 -1
