200 235 1
130 145 1
211 220 1
220 290 1
365 630 1
290 360 1
315 360 1
345 360 1
630 700 1
366 367 1
220 315 1
200 211 1
200 220 1
200 255 1
200 325 1
211 220 1
211 255 1
211 325 1
220 255 1
220 325 1
255 325 1
220 290 1
220 315 1
365 640 1
630 640 1
255 365 1
220 360 1
230 325 1
365 700 1
290 345 1
365 368 1
365 630 1
220 345 1
325 339 1
350 360 1
640 700 1
325 640 1
325 530 1
325 350 1
310 640 1
355 640 1
345 350 1
220 640 1
200 645 1
350 640 1
365 375 1
365 367 1
365 366 1
290 365 1
220 365 1
325 365 1
360 640 1
345 640 1
710 740 -1
740 710 -1
365 740 -1
740 365 -1
145 150 -1
150 145 -1
670 678 -1
678 670 -1
100 135 -1
135 100 -1
2 40 -1
40 2 -1
100 140 -1
140 100 -1
135 140 -1
140 135 -1
710 740 -1
740 710 -1
365 630 -1
630 365 -1
365 710 -1
710 365 -1
