200 235 1
130 145 1
220 290 1
365 630 1
290 360 1
315 360 1
345 360 1
366 367 1
220 290 1
365 640 1
220 360 1
365 700 1
290 345 1
365 368 1
365 630 1
220 345 1
325 339 1
640 700 1
310 640 1
355 640 1
345 350 1
220 640 1
200 645 1
350 640 1
365 375 1
365 367 1
365 366 1
290 365 1
325 365 1
360 640 1
345 640 1
255 290 1
345 350 1
345 360 1
345 640 1
350 360 1
350 640 1
360 640 1
670 678 1
366 367 1
366 368 1
367 368 1
220 365 1
315 365 1
365 712 1
645 670 1
645 678 1
670 678 1
200 651 1
230 255 1
230 310 1
230 325 1
230 740 1
255 310 1
255 325 1
255 740 1
310 325 1
310 740 1
325 740 1
2 40 1
2 41 1
2 42 1
2 70 1
2 90 1
2 91 1
2 92 1
2 93 1
2 94 1
2 95 1
2 100 1
2 101 1
2 130 1
2 135 1
2 140 1
2 145 1
2 150 1
2 155 1
2 160 1
2 165 1
40 41 1
40 42 1
40 70 1
40 90 1
40 91 1
40 92 1
40 93 1
40 94 1
40 95 1
40 100 1
40 101 1
40 130 1
40 135 1
40 140 1
40 145 1
40 150 1
40 155 1
40 160 1
40 165 1
41 42 1
41 70 1
41 90 1
41 91 1
41 92 1
41 93 1
41 94 1
41 95 1
41 100 1
41 101 1
41 130 1
41 135 1
41 140 1
41 145 1
41 150 1
41 155 1
41 160 1
41 165 1
42 70 1
42 90 1
42 91 1
42 92 1
42 93 1
42 94 1
42 95 1
42 100 1
42 101 1
42 130 1
42 135 1
42 140 1
42 145 1
42 150 1
42 155 1
42 160 1
42 165 1
70 90 1
70 91 1
70 92 1
70 93 1
70 94 1
70 95 1
70 100 1
70 101 1
70 130 1
70 135 1
70 140 1
70 145 1
70 150 1
70 155 1
70 160 1
70 165 1
90 91 1
90 92 1
90 93 1
90 94 1
90 95 1
90 100 1
90 101 1
90 130 1
90 135 1
90 140 1
90 145 1
90 150 1
90 155 1
90 160 1
90 165 1
91 92 1
91 93 1
91 94 1
91 95 1
91 100 1
91 101 1
91 130 1
91 135 1
91 140 1
91 145 1
91 150 1
91 155 1
91 160 1
91 165 1
92 93 1
92 94 1
92 95 1
92 100 1
92 101 1
92 130 1
92 135 1
92 140 1
92 145 1
92 150 1
92 155 1
92 160 1
92 165 1
93 94 1
93 95 1
93 100 1
93 101 1
93 130 1
93 135 1
93 140 1
93 145 1
93 150 1
93 155 1
93 160 1
93 165 1
94 95 1
94 100 1
94 101 1
94 130 1
94 135 1
94 140 1
94 145 1
94 150 1
94 155 1
94 160 1
94 165 1
95 100 1
95 101 1
95 130 1
95 135 1
95 140 1
95 145 1
95 150 1
95 155 1
95 160 1
95 165 1
100 101 1
100 130 1
100 135 1
100 140 1
100 145 1
100 150 1
100 155 1
100 160 1
100 165 1
101 130 1
101 135 1
101 140 1
101 145 1
101 150 1
101 155 1
101 160 1
101 165 1
130 135 1
130 140 1
130 145 1
130 150 1
130 155 1
130 160 1
130 165 1
135 140 1
135 145 1
135 150 1
135 155 1
135 160 1
135 165 1
140 145 1
140 150 1
140 155 1
140 160 1
140 165 1
145 150 1
145 155 1
145 160 1
145 165 1
150 155 1
150 160 1
150 165 1
155 160 1
155 165 1
160 165 1
325 345 1
630 640 1
630 645 1
630 700 1
640 645 1
640 700 1
645 700 1
365 710 1
200 220 1
200 345 1
200 350 1
200 355 1
200 360 1
200 365 1
200 640 1
200 651 1
220 345 1
220 350 1
220 355 1
220 360 1
220 365 1
220 640 1
220 651 1
345 350 1
345 355 1
345 360 1
345 365 1
345 640 1
345 651 1
350 355 1
350 360 1
350 365 1
350 640 1
350 651 1
355 360 1
355 365 1
355 640 1
355 651 1
360 365 1
360 640 1
360 651 1
365 640 1
365 651 1
640 651 1
145 150 1
345 350 1
345 355 1
345 360 1
345 640 1
350 355 1
350 360 1
350 640 1
355 360 1
355 640 1
360 640 1
220 255 1
230 235 1
200 290 1
255 325 1
255 390 1
255 366 1
255 367 1
220 640 1
255 365 1
365 366 1
365 367 1
365 368 1
200 220 1
200 640 1
220 640 1
100 101 1
365 366 -1
366 365 -1
325 339 -1
339 325 -1
255 368 -1
368 255 -1
710 740 -1
740 710 -1
290 365 -1
365 290 -1
365 375 -1
375 365 -1
365 740 -1
740 365 -1
712 740 -1
740 712 -1
230 235 -1
235 230 -1
230 255 -1
255 230 -1
230 325 -1
325 230 -1
255 290 -1
290 255 -1
255 560 -1
560 255 -1
200 255 -1
255 200 -1
220 255 -1
255 220 -1
255 920 -1
920 255 -1
255 900 -1
900 255 -1
211 255 -1
255 211 -1
20 255 -1
255 20 -1
200 740 -1
740 200 -1
220 740 -1
740 220 -1
365 367 -1
367 365 -1
200 325 -1
325 200 -1
220 325 -1
325 220 -1
130 135 -1
135 130 -1
310 360 -1
360 310 -1
255 325 -1
325 255 -1
290 366 -1
366 290 -1
225 255 -1
255 225 -1
255 315 -1
315 255 -1
365 700 -1
700 365 -1
310 315 -1
315 310 -1
200 365 -1
365 200 -1
220 365 -1
365 220 -1
200 210 -1
210 200 -1
210 255 -1
255 210 -1
212 255 -1
255 212 -1
255 385 -1
385 255 -1
2 255 -1
255 2 -1
2 200 -1
200 2 -1
255 375 -1
375 255 -1
255 367 -1
367 255 -1
200 325 -1
325 200 -1
255 380 -1
380 255 -1
255 366 -1
366 255 -1
165 200 -1
200 165 -1
160 255 -1
255 160 -1
165 255 -1
255 165 -1
