200 235 1
130 145 1
365 700 1
640 700 1
310 640 1
200 645 1
670 678 1
315 365 1
365 712 1
645 670 1
645 678 1
670 678 1
200 651 1
2 40 1
2 41 1
2 42 1
2 70 1
2 90 1
2 91 1
2 92 1
2 93 1
2 94 1
2 95 1
2 100 1
2 101 1
2 130 1
2 135 1
2 140 1
2 145 1
2 150 1
2 155 1
2 160 1
2 165 1
40 41 1
40 42 1
40 70 1
40 90 1
40 91 1
40 92 1
40 93 1
40 94 1
40 95 1
40 100 1
40 101 1
40 130 1
40 135 1
40 140 1
40 145 1
40 150 1
40 155 1
40 160 1
40 165 1
41 42 1
41 70 1
41 90 1
41 91 1
41 92 1
41 93 1
41 94 1
41 95 1
41 100 1
41 101 1
41 130 1
41 135 1
41 140 1
41 145 1
41 150 1
41 155 1
41 160 1
41 165 1
42 70 1
42 90 1
42 91 1
42 92 1
42 93 1
42 94 1
42 95 1
42 100 1
42 101 1
42 130 1
42 135 1
42 140 1
42 145 1
42 150 1
42 155 1
42 160 1
42 165 1
70 90 1
70 91 1
70 92 1
70 93 1
70 94 1
70 95 1
70 100 1
70 101 1
70 130 1
70 135 1
70 140 1
70 145 1
70 150 1
70 155 1
70 160 1
70 165 1
90 91 1
90 92 1
90 93 1
90 94 1
90 95 1
90 100 1
90 101 1
90 130 1
90 135 1
90 140 1
90 145 1
90 150 1
90 155 1
90 160 1
90 165 1
91 92 1
91 93 1
91 94 1
91 95 1
91 100 1
91 101 1
91 130 1
91 135 1
91 140 1
91 145 1
91 150 1
91 155 1
91 160 1
91 165 1
92 93 1
92 94 1
92 95 1
92 100 1
92 101 1
92 130 1
92 135 1
92 140 1
92 145 1
92 150 1
92 155 1
92 160 1
92 165 1
93 94 1
93 95 1
93 100 1
93 101 1
93 130 1
93 135 1
93 140 1
93 145 1
93 150 1
93 155 1
93 160 1
93 165 1
94 95 1
94 100 1
94 101 1
94 130 1
94 135 1
94 140 1
94 145 1
94 150 1
94 155 1
94 160 1
94 165 1
95 100 1
95 101 1
95 130 1
95 135 1
95 140 1
95 145 1
95 150 1
95 155 1
95 160 1
95 165 1
100 101 1
100 130 1
100 135 1
100 140 1
100 145 1
100 150 1
100 155 1
100 160 1
100 165 1
101 130 1
101 135 1
101 140 1
101 145 1
101 150 1
101 155 1
101 160 1
101 165 1
130 135 1
130 140 1
130 145 1
130 150 1
130 155 1
130 160 1
130 165 1
135 140 1
135 145 1
135 150 1
135 155 1
135 160 1
135 165 1
140 145 1
140 150 1
140 155 1
140 160 1
140 165 1
145 150 1
145 155 1
145 160 1
145 165 1
150 155 1
150 160 1
150 165 1
155 160 1
155 165 1
160 165 1
630 640 1
630 645 1
630 700 1
640 645 1
640 700 1
645 700 1
365 710 1
145 150 1
230 235 1
200 640 1
100 101 1
365 740 1
255 640 1
200 365 1
740 800 1
200 365 1
200 630 1
365 630 1
900 920 1
220 365 1
2 40 1
2 41 1
2 42 1
2 70 1
2 90 1
2 91 1
2 93 1
2 94 1
2 95 1
2 100 1
2 101 1
2 130 1
2 135 1
2 140 1
2 145 1
2 150 1
2 155 1
2 160 1
2 165 1
40 41 1
40 42 1
40 70 1
40 90 1
40 91 1
40 93 1
40 94 1
40 95 1
40 100 1
40 101 1
40 130 1
40 135 1
40 140 1
40 145 1
40 150 1
40 155 1
40 160 1
40 165 1
41 42 1
41 70 1
41 90 1
41 91 1
41 93 1
41 94 1
41 95 1
41 100 1
41 101 1
41 130 1
41 135 1
41 140 1
41 145 1
41 150 1
41 155 1
41 160 1
41 165 1
42 70 1
42 90 1
42 91 1
42 93 1
42 94 1
42 95 1
42 100 1
42 101 1
42 130 1
42 135 1
42 140 1
42 145 1
42 150 1
42 155 1
42 160 1
42 165 1
70 90 1
70 91 1
70 93 1
70 94 1
70 95 1
70 100 1
70 101 1
70 130 1
70 135 1
70 140 1
70 145 1
70 150 1
70 155 1
70 160 1
70 165 1
90 91 1
90 93 1
90 94 1
90 95 1
90 100 1
90 101 1
90 130 1
90 135 1
90 140 1
90 145 1
90 150 1
90 155 1
90 160 1
90 165 1
91 93 1
91 94 1
91 95 1
91 100 1
91 101 1
91 130 1
91 135 1
91 140 1
91 145 1
91 150 1
91 155 1
91 160 1
91 165 1
93 94 1
93 95 1
93 100 1
93 101 1
93 130 1
93 135 1
93 140 1
93 145 1
93 150 1
93 155 1
93 160 1
93 165 1
94 95 1
94 100 1
94 101 1
94 130 1
94 135 1
94 140 1
94 145 1
94 150 1
94 155 1
94 160 1
94 165 1
95 100 1
95 101 1
95 130 1
95 135 1
95 140 1
95 145 1
95 150 1
95 155 1
95 160 1
95 165 1
100 101 1
100 130 1
100 135 1
100 140 1
100 145 1
100 150 1
100 155 1
100 160 1
100 165 1
101 130 1
101 135 1
101 140 1
101 145 1
101 150 1
101 155 1
101 160 1
101 165 1
130 135 1
130 140 1
130 145 1
130 150 1
130 155 1
130 160 1
130 165 1
135 140 1
135 145 1
135 150 1
135 155 1
135 160 1
135 165 1
140 145 1
140 150 1
140 155 1
140 160 1
140 165 1
145 150 1
145 155 1
145 160 1
145 165 1
150 155 1
150 160 1
150 165 1
155 160 1
155 165 1
160 165 1
645 651 1
645 652 1
645 660 1
645 663 1
645 670 1
645 678 1
651 652 1
651 660 1
651 663 1
651 670 1
651 678 1
652 660 1
652 663 1
652 670 1
652 678 1
660 663 1
660 670 1
660 678 1
663 670 1
663 678 1
670 678 1
345 365 1
290 365 1
365 710 1
365 630 -1
630 365 -1
710 740 -1
740 710 -1
365 640 -1
640 365 -1
365 740 -1
740 365 -1
712 740 -1
740 712 -1
140 255 -1
255 140 -1
2 740 -1
740 2 -1
20 740 -1
740 20 -1
255 365 -1
365 255 -1
560 740 -1
740 560 -1
2 255 -1
255 2 -1
200 740 -1
740 200 -1
140 740 -1
740 140 -1
740 920 -1
920 740 -1
740 900 -1
900 740 -1
255 560 -1
560 255 -1
200 255 -1
255 200 -1
310 365 -1
365 310 -1
255 920 -1
920 255 -1
255 900 -1
900 255 -1
70 740 -1
740 70 -1
20 255 -1
255 20 -1
670 740 -1
740 670 -1
255 640 -1
640 255 -1
640 740 -1
740 640 -1
200 800 -1
800 200 -1
2 800 -1
800 2 -1
255 310 -1
310 255 -1
220 255 -1
255 220 -1
365 710 -1
710 365 -1
712 740 -1
740 712 -1
365 710 -1
710 365 -1
140 740 -1
740 140 -1
135 255 -1
255 135 -1
135 740 -1
740 135 -1
165 255 -1
255 165 -1
165 740 -1
740 165 -1
160 255 -1
255 160 -1
160 740 -1
740 160 -1
155 740 -1
740 155 -1
255 651 -1
651 255 -1
651 740 -1
740 651 -1
630 740 -1
740 630 -1
255 325 -1
325 255 -1
255 375 -1
375 255 -1
255 355 -1
355 255 -1
101 255 -1
255 101 -1
101 740 -1
740 101 -1
150 255 -1
255 150 -1
150 740 -1
740 150 -1
255 360 -1
360 255 -1
310 360 -1
360 310 -1
255 355 -1
355 255 -1
