70 220 -1
220 70 -1
240 255 -1
255 240 -1
240 280 -1
280 240 -1
240 325 -1
325 240 -1
245 255 -1
255 245 -1
245 280 -1
280 245 -1
245 325 -1
325 245 -1
255 267 -1
267 255 -1
255 269 -1
269 255 -1
255 271 -1
271 255 -1
255 273 -1
273 255 -1
255 275 -1
275 255 -1
255 300 -1
300 255 -1
267 280 -1
280 267 -1
267 325 -1
325 267 -1
269 280 -1
280 269 -1
269 325 -1
325 269 -1
271 280 -1
280 271 -1
271 325 -1
325 271 -1
273 280 -1
280 273 -1
273 325 -1
325 273 -1
275 280 -1
280 275 -1
275 325 -1
325 275 -1
280 300 -1
300 280 -1
300 325 -1
325 300 -1
220 255 -1
255 220 -1
130 230 -1
230 130 -1
135 230 -1
230 135 -1
145 230 -1
230 145 -1
155 230 -1
230 155 -1
350 640 -1
640 350 -1
140 150 -1
150 140 -1
150 160 -1
160 150 -1
145 160 -1
160 145 -1
2 230 -1
230 2 -1
2 220 -1
220 2 -1
2 140 -1
140 2 -1
