2 42 -1
42 2 -1
200 300 -1
300 200 -1
220 300 -1
300 220 -1
300 365 -1
365 300 -1
300 360 -1
360 300 -1
255 360 -1
360 255 -1
300 345 -1
345 300 -1
300 325 -1
325 300 -1
211 255 -1
255 211 -1
2 255 -1
255 2 -1
200 255 -1
255 200 -1
200 640 -1
640 200 -1
220 640 -1
640 220 -1
220 255 -1
255 220 -1
255 365 -1
365 255 -1
255 345 -1
345 255 -1
365 640 -1
640 365 -1
345 355 -1
355 345 -1
345 640 -1
640 345 -1
200 355 -1
355 200 -1
220 355 -1
355 220 -1
325 355 -1
355 325 -1
355 365 -1
365 355 -1
360 640 -1
640 360 -1
325 640 -1
640 325 -1
235 255 -1
255 235 -1
255 325 -1
325 255 -1
355 360 -1
360 355 -1
235 300 -1
300 235 -1
2 70 -1
70 2 -1
2 42 -1
42 2 -1
200 350 -1
350 200 -1
220 350 -1
350 220 -1
255 350 -1
350 255 -1
350 355 -1
355 350 -1
350 640 -1
640 350 -1
255 360 -1
360 255 -1
2 255 -1
255 2 -1
630 640 -1
640 630 -1
255 385 -1
385 255 -1
210 255 -1
255 210 -1
160 220 -1
220 160 -1
255 380 -1
380 255 -1
710 740 -1
740 710 -1
70 200 -1
200 70 -1
220 350 -1
350 220 -1
255 339 -1
339 255 -1
300 339 -1
339 300 -1
339 355 -1
355 339 -1
339 640 -1
640 339 -1
230 255 -1
255 230 -1
