2 365 -1
365 2 -1
200 365 -1
365 200 -1
220 365 -1
365 220 -1
325 365 -1
365 325 -1
350 365 -1
365 350 -1
360 365 -1
365 360 -1
365 740 -1
740 365 -1
325 640 -1
640 325 -1
290 365 -1
365 290 -1
200 310 -1
310 200 -1
220 310 -1
310 220 -1
310 315 -1
315 310 -1
310 325 -1
325 310 -1
310 345 -1
345 310 -1
310 360 -1
360 310 -1
290 315 -1
315 290 -1
200 255 -1
255 200 -1
220 255 -1
255 220 -1
255 290 -1
290 255 -1
255 366 -1
366 255 -1
255 367 -1
367 255 -1
350 640 -1
640 350 -1
290 368 -1
368 290 -1
365 375 -1
375 365 -1
710 740 -1
740 710 -1
710 740 -1
740 710 -1
2 70 -1
70 2 -1
200 365 -1
365 200 -1
290 365 -1
365 290 -1
365 368 -1
368 365 -1
200 365 -1
365 200 -1
220 365 -1
365 220 -1
255 365 -1
365 255 -1
365 366 -1
366 365 -1
365 367 -1
367 365 -1
365 366 -1
366 365 -1
365 375 -1
375 365 -1
365 380 -1
380 365 -1
365 390 -1
390 365 -1
365 710 -1
710 365 -1
710 740 -1
740 710 -1
365 740 -1
740 365 -1
220 640 -1
640 220 -1
230 255 -1
255 230 -1
305 345 -1
345 305 -1
