220 255 -1
255 220 -1
200 640 -1
640 200 -1
220 640 -1
640 220 -1
325 640 -1
640 325 -1
365 740 -1
740 365 -1
200 350 -1
350 200 -1
220 350 -1
350 220 -1
91 93 -1
93 91 -1
350 640 -1
640 350 -1
365 710 -1
710 365 -1
365 700 -1
700 365 -1
200 305 -1
305 200 -1
200 360 -1
360 200 -1
305 310 -1
310 305 -1
305 315 -1
315 305 -1
305 325 -1
325 305 -1
305 345 -1
345 305 -1
310 360 -1
360 310 -1
315 360 -1
360 315 -1
325 360 -1
360 325 -1
345 360 -1
360 345 -1
310 345 -1
345 310 -1
310 360 -1
360 310 -1
365 710 -1
710 365 -1
