365 366 -1
366 365 -1
325 339 -1
339 325 -1
255 368 -1
368 255 -1
710 740 -1
740 710 -1
290 365 -1
365 290 -1
365 375 -1
375 365 -1
365 740 -1
740 365 -1
712 740 -1
740 712 -1
230 235 -1
235 230 -1
230 255 -1
255 230 -1
230 325 -1
325 230 -1
255 290 -1
290 255 -1
255 560 -1
560 255 -1
200 255 -1
255 200 -1
220 255 -1
255 220 -1
255 920 -1
920 255 -1
255 900 -1
900 255 -1
211 255 -1
255 211 -1
20 255 -1
255 20 -1
200 740 -1
740 200 -1
220 740 -1
740 220 -1
365 367 -1
367 365 -1
200 325 -1
325 200 -1
220 325 -1
325 220 -1
130 135 -1
135 130 -1
310 360 -1
360 310 -1
255 325 -1
325 255 -1
290 366 -1
366 290 -1
225 255 -1
255 225 -1
255 315 -1
315 255 -1
365 700 -1
700 365 -1
310 315 -1
315 310 -1
200 365 -1
365 200 -1
220 365 -1
365 220 -1
200 210 -1
210 200 -1
210 255 -1
255 210 -1
212 255 -1
255 212 -1
255 385 -1
385 255 -1
2 255 -1
255 2 -1
2 200 -1
200 2 -1
255 375 -1
375 255 -1
255 367 -1
367 255 -1
200 325 -1
325 200 -1
255 380 -1
380 255 -1
255 366 -1
366 255 -1
165 200 -1
200 165 -1
160 255 -1
255 160 -1
165 255 -1
255 165 -1
