365 367 -1
367 365 -1
710 740 -1
740 710 -1
365 375 -1
375 365 -1
200 220 -1
220 200 -1
325 920 -1
920 325 -1
325 900 -1
900 325 -1
220 325 -1
325 220 -1
325 560 -1
560 325 -1
211 255 -1
255 211 -1
200 325 -1
325 200 -1
255 560 -1
560 255 -1
200 255 -1
255 200 -1
255 385 -1
385 255 -1
220 255 -1
255 220 -1
210 255 -1
255 210 -1
255 920 -1
920 255 -1
255 900 -1
900 255 -1
325 350 -1
350 325 -1
740 920 -1
920 740 -1
255 390 -1
390 255 -1
20 325 -1
325 20 -1
20 255 -1
255 20 -1
200 740 -1
740 200 -1
220 740 -1
740 220 -1
2 740 -1
740 2 -1
325 350 -1
350 325 -1
365 368 -1
368 365 -1
365 366 -1
366 365 -1
220 800 -1
800 220 -1
130 135 -1
135 130 -1
255 325 -1
325 255 -1
200 740 -1
740 200 -1
225 255 -1
255 225 -1
365 700 -1
700 365 -1
220 740 -1
740 220 -1
200 220 -1
220 200 -1
355 640 -1
640 355 -1
210 255 -1
255 210 -1
212 255 -1
255 212 -1
200 385 -1
385 200 -1
255 385 -1
385 255 -1
255 390 -1
390 255 -1
200 390 -1
390 200 -1
2 200 -1
200 2 -1
235 255 -1
255 235 -1
220 230 -1
230 220 -1
255 375 -1
375 255 -1
325 380 -1
380 325 -1
255 367 -1
367 255 -1
200 325 -1
325 200 -1
200 225 -1
225 200 -1
255 380 -1
380 255 -1
200 380 -1
380 200 -1
255 380 -1
380 255 -1
200 360 -1
360 200 -1
220 230 -1
230 220 -1
200 345 -1
345 200 -1
255 345 -1
345 255 -1
325 345 -1
345 325 -1
220 325 -1
325 220 -1
360 365 -1
365 360 -1
255 365 -1
365 255 -1
310 360 -1
360 310 -1
200 325 -1
325 200 -1
255 360 -1
360 255 -1
165 255 -1
255 165 -1
160 255 -1
255 160 -1
200 230 -1
230 200 -1
255 640 -1
640 255 -1
355 640 -1
640 355 -1
325 640 -1
640 325 -1
325 630 -1
630 325 -1
325 651 -1
651 325 -1
95 325 -1
325 95 -1
95 255 -1
255 95 -1
350 355 -1
355 350 -1
255 355 -1
355 255 -1
200 365 -1
365 200 -1
255 310 -1
310 255 -1
255 310 -1
310 255 -1
205 255 -1
255 205 -1
140 200 -1
200 140 -1
