710 740 -1
740 710 -1
200 220 -1
220 200 -1
325 920 -1
920 325 -1
325 900 -1
900 325 -1
310 345 -1
345 310 -1
230 365 -1
365 230 -1
325 560 -1
560 325 -1
365 375 -1
375 365 -1
2 740 -1
740 2 -1
20 740 -1
740 20 -1
255 365 -1
365 255 -1
560 740 -1
740 560 -1
2 255 -1
255 2 -1
2 325 -1
325 2 -1
200 740 -1
740 200 -1
200 325 -1
325 200 -1
740 920 -1
920 740 -1
255 350 -1
350 255 -1
740 900 -1
900 740 -1
255 560 -1
560 255 -1
200 255 -1
255 200 -1
360 365 -1
365 360 -1
310 365 -1
365 310 -1
255 920 -1
920 255 -1
255 900 -1
900 255 -1
325 350 -1
350 325 -1
325 345 -1
345 325 -1
255 345 -1
345 255 -1
740 920 -1
920 740 -1
310 920 -1
920 310 -1
375 920 -1
920 375 -1
355 920 -1
920 355 -1
375 900 -1
900 375 -1
310 900 -1
900 310 -1
20 360 -1
360 20 -1
20 310 -1
310 20 -1
355 560 -1
560 355 -1
2 310 -1
310 2 -1
2 355 -1
355 2 -1
2 360 -1
360 2 -1
200 355 -1
355 200 -1
200 360 -1
360 200 -1
200 375 -1
375 200 -1
200 310 -1
310 200 -1
360 920 -1
920 360 -1
360 900 -1
900 360 -1
325 530 -1
530 325 -1
2 740 -1
740 2 -1
2 255 -1
255 2 -1
200 255 -1
255 200 -1
200 645 -1
645 200 -1
235 255 -1
255 235 -1
2 355 -1
355 2 -1
200 355 -1
355 200 -1
355 365 -1
365 355 -1
365 630 -1
630 365 -1
220 800 -1
800 220 -1
235 900 -1
900 235 -1
130 135 -1
135 130 -1
93 310 -1
310 93 -1
93 355 -1
355 93 -1
93 360 -1
360 93 -1
740 800 -1
800 740 -1
41 255 -1
255 41 -1
41 740 -1
740 41 -1
41 325 -1
325 41 -1
41 355 -1
355 41 -1
41 360 -1
360 41 -1
41 310 -1
310 41 -1
93 255 -1
255 93 -1
93 740 -1
740 93 -1
93 325 -1
325 93 -1
93 355 -1
355 93 -1
93 360 -1
360 93 -1
93 310 -1
310 93 -1
94 255 -1
255 94 -1
94 740 -1
740 94 -1
94 325 -1
325 94 -1
40 255 -1
255 40 -1
40 740 -1
740 40 -1
40 325 -1
325 40 -1
42 255 -1
255 42 -1
42 740 -1
740 42 -1
42 325 -1
325 42 -1
92 255 -1
255 92 -1
92 740 -1
740 92 -1
92 325 -1
325 92 -1
90 255 -1
255 90 -1
90 740 -1
740 90 -1
90 325 -1
325 90 -1
91 255 -1
255 91 -1
91 740 -1
740 91 -1
91 325 -1
325 91 -1
95 255 -1
255 95 -1
95 740 -1
740 95 -1
95 325 -1
325 95 -1
220 900 -1
900 220 -1
200 220 -1
220 200 -1
255 380 -1
380 255 -1
255 345 -1
345 255 -1
310 345 -1
345 310 -1
345 355 -1
355 345 -1
360 365 -1
365 360 -1
255 365 -1
365 255 -1
255 360 -1
360 255 -1
255 640 -1
640 255 -1
355 640 -1
640 355 -1
365 375 -1
375 365 -1
200 350 -1
350 200 -1
255 355 -1
355 255 -1
355 365 -1
365 355 -1
200 355 -1
355 200 -1
360 365 -1
365 360 -1
255 651 -1
651 255 -1
