710 740 -1
740 710 -1
325 920 -1
920 325 -1
325 900 -1
900 325 -1
230 365 -1
365 230 -1
325 560 -1
560 325 -1
365 375 -1
375 365 -1
2 740 -1
740 2 -1
20 740 -1
740 20 -1
255 365 -1
365 255 -1
560 740 -1
740 560 -1
2 255 -1
255 2 -1
2 325 -1
325 2 -1
200 740 -1
740 200 -1
200 325 -1
325 200 -1
740 920 -1
920 740 -1
740 900 -1
900 740 -1
255 560 -1
560 255 -1
200 255 -1
255 200 -1
360 365 -1
365 360 -1
310 365 -1
365 310 -1
255 920 -1
920 255 -1
255 900 -1
900 255 -1
140 325 -1
325 140 -1
140 255 -1
255 140 -1
355 900 -1
900 355 -1
20 375 -1
375 20 -1
2 310 -1
310 2 -1
2 355 -1
355 2 -1
2 360 -1
360 2 -1
20 255 -1
255 20 -1
325 355 -1
355 325 -1
200 651 -1
651 200 -1
130 135 -1
135 130 -1
160 255 -1
255 160 -1
710 800 -1
800 710 -1
200 800 -1
800 200 -1
2 800 -1
800 2 -1
2 800 -1
800 2 -1
800 920 -1
920 800 -1
800 900 -1
900 800 -1
130 135 -1
135 130 -1
140 255 -1
255 140 -1
140 325 -1
325 140 -1
70 255 -1
255 70 -1
70 325 -1
325 70 -1
70 740 -1
740 70 -1
255 530 -1
530 255 -1
325 530 -1
530 325 -1
530 740 -1
740 530 -1
2 220 -1
220 2 -1
200 220 -1
220 200 -1
220 560 -1
560 220 -1
325 380 -1
380 325 -1
255 380 -1
380 255 -1
155 255 -1
255 155 -1
165 255 -1
255 165 -1
41 360 -1
360 41 -1
95 255 -1
255 95 -1
91 255 -1
255 91 -1
101 255 -1
255 101 -1
