710 740 -1
740 710 -1
325 920 -1
920 325 -1
325 900 -1
900 325 -1
230 365 -1
365 230 -1
20 325 -1
325 20 -1
325 560 -1
560 325 -1
365 375 -1
375 365 -1
2 740 -1
740 2 -1
20 740 -1
740 20 -1
255 365 -1
365 255 -1
560 740 -1
740 560 -1
2 255 -1
255 2 -1
2 325 -1
325 2 -1
200 740 -1
740 200 -1
200 325 -1
325 200 -1
740 920 -1
920 740 -1
740 900 -1
900 740 -1
255 560 -1
560 255 -1
200 255 -1
255 200 -1
360 365 -1
365 360 -1
310 365 -1
365 310 -1
255 920 -1
920 255 -1
255 900 -1
900 255 -1
200 355 -1
355 200 -1
2 360 -1
360 2 -1
20 255 -1
255 20 -1
2 355 -1
355 2 -1
255 645 -1
645 255 -1
645 740 -1
740 645 -1
325 645 -1
645 325 -1
255 670 -1
670 255 -1
670 740 -1
740 670 -1
325 800 -1
800 325 -1
710 712 -1
712 710 -1
200 800 -1
800 200 -1
2 800 -1
800 2 -1
225 255 -1
255 225 -1
100 255 -1
255 100 -1
130 135 -1
135 130 -1
365 710 -1
710 365 -1
140 255 -1
255 140 -1
140 325 -1
325 140 -1
255 630 -1
630 255 -1
145 255 -1
255 145 -1
145 740 -1
740 145 -1
145 325 -1
325 145 -1
100 255 -1
255 100 -1
255 325 -1
325 255 -1
325 355 -1
355 325 -1
2 325 -1
325 2 -1
200 325 -1
325 200 -1
255 325 -1
325 255 -1
365 380 -1
380 365 -1
255 380 -1
380 255 -1
230 255 -1
255 230 -1
255 651 -1
651 255 -1
95 255 -1
255 95 -1
