710 740 -1
740 710 -1
230 365 -1
365 230 -1
140 255 -1
255 140 -1
365 375 -1
375 365 -1
2 740 -1
740 2 -1
20 740 -1
740 20 -1
255 365 -1
365 255 -1
560 740 -1
740 560 -1
2 255 -1
255 2 -1
200 740 -1
740 200 -1
740 920 -1
920 740 -1
740 900 -1
900 740 -1
255 560 -1
560 255 -1
200 255 -1
255 200 -1
360 365 -1
365 360 -1
310 365 -1
365 310 -1
255 920 -1
920 255 -1
255 900 -1
900 255 -1
200 355 -1
355 200 -1
2 360 -1
360 2 -1
200 360 -1
360 200 -1
20 255 -1
255 20 -1
2 355 -1
355 2 -1
140 255 -1
255 140 -1
140 740 -1
740 140 -1
200 800 -1
800 200 -1
2 800 -1
800 2 -1
255 310 -1
310 255 -1
255 310 -1
310 255 -1
220 255 -1
255 220 -1
220 740 -1
740 220 -1
365 710 -1
710 365 -1
355 365 -1
365 355 -1
100 255 -1
255 100 -1
255 450 -1
450 255 -1
450 740 -1
740 450 -1
255 325 -1
325 255 -1
255 375 -1
375 255 -1
325 355 -1
355 325 -1
255 355 -1
355 255 -1
255 380 -1
380 255 -1
255 360 -1
360 255 -1
310 360 -1
360 310 -1
255 355 -1
355 255 -1
