365 630 -1
630 365 -1
710 740 -1
740 710 -1
365 640 -1
640 365 -1
365 740 -1
740 365 -1
712 740 -1
740 712 -1
140 255 -1
255 140 -1
2 740 -1
740 2 -1
20 740 -1
740 20 -1
255 365 -1
365 255 -1
560 740 -1
740 560 -1
2 255 -1
255 2 -1
200 740 -1
740 200 -1
140 740 -1
740 140 -1
740 920 -1
920 740 -1
740 900 -1
900 740 -1
255 560 -1
560 255 -1
200 255 -1
255 200 -1
310 365 -1
365 310 -1
255 920 -1
920 255 -1
255 900 -1
900 255 -1
70 740 -1
740 70 -1
20 255 -1
255 20 -1
670 740 -1
740 670 -1
255 640 -1
640 255 -1
640 740 -1
740 640 -1
200 800 -1
800 200 -1
2 800 -1
800 2 -1
255 310 -1
310 255 -1
220 255 -1
255 220 -1
365 710 -1
710 365 -1
712 740 -1
740 712 -1
365 710 -1
710 365 -1
140 740 -1
740 140 -1
135 255 -1
255 135 -1
135 740 -1
740 135 -1
165 255 -1
255 165 -1
165 740 -1
740 165 -1
160 255 -1
255 160 -1
160 740 -1
740 160 -1
155 740 -1
740 155 -1
255 651 -1
651 255 -1
651 740 -1
740 651 -1
630 740 -1
740 630 -1
255 325 -1
325 255 -1
255 375 -1
375 255 -1
255 355 -1
355 255 -1
101 255 -1
255 101 -1
101 740 -1
740 101 -1
150 255 -1
255 150 -1
150 740 -1
740 150 -1
255 360 -1
360 255 -1
310 360 -1
360 310 -1
255 355 -1
355 255 -1
