2 365 -1
365 2 -1
200 365 -1
365 200 -1
220 365 -1
365 220 -1
200 678 -1
678 200 -1
710 713 -1
713 710 -1
2 710 -1
710 2 -1
41 42 -1
42 41 -1
339 350 -1
350 339 -1
310 345 -1
345 310 -1
345 365 -1
365 345 -1
700 770 -1
770 700 -1
652 660 -1
660 652 -1
651 666 -1
666 651 -1
663 666 -1
666 663 -1
2 713 -1
713 2 -1
200 713 -1
713 200 -1
220 710 -1
710 220 -1
731 732 -1
732 731 -1
339 345 -1
345 339 -1
93 94 -1
94 93 -1
750 770 -1
770 750 -1
645 663 -1
663 645 -1
652 663 -1
663 652 -1
200 666 -1
666 200 -1
663 666 -1
666 663 -1
651 666 -1
666 651 -1
652 666 -1
666 652 -1
