200 651 -1
651 200 -1
2 710 -1
710 2 -1
2 731 -1
731 2 -1
20 710 -1
710 20 -1
20 731 -1
731 20 -1
100 710 -1
710 100 -1
100 731 -1
731 100 -1
200 710 -1
710 200 -1
200 731 -1
731 200 -1
210 710 -1
710 210 -1
210 731 -1
731 210 -1
211 710 -1
710 211 -1
211 731 -1
731 211 -1
212 710 -1
710 212 -1
212 731 -1
731 212 -1
220 710 -1
710 220 -1
220 731 -1
731 220 -1
350 710 -1
710 350 -1
350 731 -1
731 350 -1
530 710 -1
710 530 -1
530 731 -1
731 530 -1
560 710 -1
710 560 -1
560 731 -1
731 560 -1
640 710 -1
710 640 -1
640 731 -1
731 640 -1
710 732 -1
732 710 -1
710 800 -1
800 710 -1
710 840 -1
840 710 -1
710 900 -1
900 710 -1
710 920 -1
920 710 -1
731 732 -1
732 731 -1
731 800 -1
800 731 -1
731 840 -1
840 731 -1
731 900 -1
900 731 -1
731 920 -1
920 731 -1
663 666 -1
666 663 -1
155 160 -1
160 155 -1
350 355 -1
355 350 -1
713 775 -1
775 713 -1
365 380 -1
380 365 -1
2 130 -1
130 2 -1
310 345 -1
345 310 -1
345 355 -1
355 345 -1
345 360 -1
360 345 -1
345 365 -1
365 345 -1
220 800 -1
800 220 -1
2 710 -1
710 2 -1
710 713 -1
713 710 -1
339 345 -1
345 339 -1
750 770 -1
770 750 -1
200 710 -1
710 200 -1
355 640 -1
640 355 -1
325 339 -1
339 325 -1
651 666 -1
666 651 -1
651 666 -1
666 651 -1
652 666 -1
666 652 -1
652 666 -1
666 652 -1
652 666 -1
666 652 -1
