2 365 -1
365 2 -1
2 710 -1
710 2 -1
365 732 -1
732 365 -1
710 713 -1
713 710 -1
663 666 -1
666 663 -1
235 750 -1
750 235 -1
130 135 -1
135 130 -1
2 93 -1
93 2 -1
93 94 -1
94 93 -1
800 811 -1
811 800 -1
732 740 -1
740 732 -1
732 740 -1
740 732 -1
290 713 -1
713 290 -1
365 713 -1
713 365 -1
775 800 -1
800 775 -1
2 710 -1
710 2 -1
200 710 -1
710 200 -1
710 750 -1
750 710 -1
2 731 -1
731 2 -1
731 732 -1
732 731 -1
710 713 -1
713 710 -1
325 345 -1
345 325 -1
365 740 -1
740 365 -1
710 740 -1
740 710 -1
2 225 -1
225 2 -1
365 375 -1
375 365 -1
651 666 -1
666 651 -1
651 666 -1
666 651 -1
652 666 -1
666 652 -1
652 666 -1
666 652 -1
652 666 -1
666 652 -1
652 666 -1
666 652 -1
