2 710 -1
710 2 -1
710 713 -1
713 710 -1
651 666 -1
666 651 -1
663 666 -1
666 663 -1
235 750 -1
750 235 -1
155 160 -1
160 155 -1
93 94 -1
94 93 -1
750 770 -1
770 750 -1
700 770 -1
770 700 -1
732 740 -1
740 732 -1
775 800 -1
800 775 -1
2 710 -1
710 2 -1
200 713 -1
713 200 -1
710 750 -1
750 710 -1
2 731 -1
731 2 -1
713 731 -1
731 713 -1
731 732 -1
732 731 -1
365 740 -1
740 365 -1
710 713 -1
713 710 -1
640 652 -1
652 640 -1
640 652 -1
652 640 -1
710 770 -1
770 710 -1
710 732 -1
732 710 -1
365 380 -1
380 365 -1
325 339 -1
339 325 -1
200 670 -1
670 200 -1
355 666 -1
666 355 -1
2 130 -1
130 2 -1
2 135 -1
135 2 -1
651 666 -1
666 651 -1
652 666 -1
666 652 -1
652 666 -1
666 652 -1
652 666 -1
666 652 -1
652 666 -1
666 652 -1
652 666 -1
666 652 -1
