2 710 -1
710 2 -1
710 713 -1
713 710 -1
2 710 -1
710 2 -1
290 365 -1
365 290 -1
2 365 -1
365 2 -1
200 365 -1
365 200 -1
200 651 -1
651 200 -1
220 365 -1
365 220 -1
220 651 -1
651 220 -1
365 666 -1
666 365 -1
651 666 -1
666 651 -1
200 678 -1
678 200 -1
710 775 -1
775 710 -1
310 365 -1
365 310 -1
200 666 -1
666 200 -1
663 666 -1
666 663 -1
811 817 -1
817 811 -1
750 770 -1
770 750 -1
710 817 -1
817 710 -1
713 840 -1
840 713 -1
710 750 -1
750 710 -1
700 770 -1
770 700 -1
2 731 -1
731 2 -1
731 732 -1
732 731 -1
750 770 -1
770 750 -1
365 740 -1
740 365 -1
710 713 -1
713 710 -1
640 652 -1
652 640 -1
200 670 -1
670 200 -1
260 713 -1
713 260 -1
365 385 -1
385 365 -1
651 666 -1
666 651 -1
652 666 -1
666 652 -1
652 666 -1
666 652 -1
