200 678 -1
678 200 -1
2 365 -1
365 2 -1
2 651 -1
651 2 -1
2 652 -1
652 2 -1
365 640 -1
640 365 -1
365 663 -1
663 365 -1
640 651 -1
651 640 -1
640 652 -1
652 640 -1
645 652 -1
652 645 -1
651 663 -1
663 651 -1
652 663 -1
663 652 -1
666 670 -1
670 666 -1
210 850 -1
850 210 -1
230 600 -1
600 230 -1
91 93 -1
93 91 -1
220 616 -1
616 220 -1
750 775 -1
775 750 -1
93 94 -1
94 93 -1
2 710 -1
710 2 -1
710 713 -1
713 710 -1
365 740 -1
740 365 -1
2 315 -1
315 2 -1
750 770 -1
770 750 -1
663 666 -1
666 663 -1
651 666 -1
666 651 -1
652 666 -1
666 652 -1
652 666 -1
666 652 -1
