2 365 -1
365 2 -1
2 645 -1
645 2 -1
2 651 -1
651 2 -1
200 365 -1
365 200 -1
200 645 -1
645 200 -1
200 651 -1
651 200 -1
2 365 -1
365 2 -1
2 710 -1
710 2 -1
365 713 -1
713 365 -1
710 713 -1
713 710 -1
200 678 -1
678 200 -1
2 365 -1
365 2 -1
200 365 -1
365 200 -1
220 365 -1
365 220 -1
210 850 -1
850 210 -1
625 651 -1
651 625 -1
155 160 -1
160 155 -1
220 600 -1
600 220 -1
230 600 -1
600 230 -1
2 90 -1
90 2 -1
70 90 -1
90 70 -1
811 817 -1
817 811 -1
800 811 -1
811 800 -1
750 770 -1
770 750 -1
732 740 -1
740 732 -1
812 816 -1
816 812 -1
220 616 -1
616 220 -1
710 750 -1
750 710 -1
200 710 -1
710 200 -1
155 160 -1
160 155 -1
2 731 -1
731 2 -1
731 732 -1
732 731 -1
2 365 -1
365 2 -1
2 365 -1
365 2 -1
200 645 -1
645 200 -1
200 651 -1
651 200 -1
640 645 -1
645 640 -1
365 740 -1
740 365 -1
710 740 -1
740 710 -1
2 265 -1
265 2 -1
211 265 -1
265 211 -1
2 339 -1
339 2 -1
200 339 -1
339 200 -1
200 395 -1
395 200 -1
652 663 -1
663 652 -1
640 652 -1
652 640 -1
663 666 -1
666 663 -1
651 666 -1
666 651 -1
651 666 -1
666 651 -1
652 666 -1
666 652 -1
652 666 -1
666 652 -1
651 666 -1
666 651 -1
651 666 -1
666 651 -1
