710 790 -1
790 710 -1
710 750 -1
750 710 -1
2 365 -1
365 2 -1
200 365 -1
365 200 -1
220 365 -1
365 220 -1
210 850 -1
850 210 -1
155 160 -1
160 155 -1
40 42 -1
42 40 -1
42 101 -1
101 42 -1
70 90 -1
90 70 -1
630 645 -1
645 630 -1
150 160 -1
160 150 -1
800 811 -1
811 800 -1
750 770 -1
770 750 -1
732 740 -1
740 732 -1
812 816 -1
816 812 -1
770 775 -1
775 770 -1
710 775 -1
775 710 -1
365 732 -1
732 365 -1
220 616 -1
616 220 -1
2 731 -1
731 2 -1
731 732 -1
732 731 -1
811 817 -1
817 811 -1
732 740 -1
740 732 -1
775 800 -1
800 775 -1
710 713 -1
713 710 -1
140 365 -1
365 140 -1
365 740 -1
740 365 -1
710 817 -1
817 710 -1
365 840 -1
840 365 -1
200 395 -1
395 200 -1
750 770 -1
770 750 -1
365 630 -1
630 365 -1
640 651 -1
651 640 -1
645 651 -1
651 645 -1
645 651 -1
651 645 -1
651 663 -1
663 651 -1
651 663 -1
663 651 -1
663 666 -1
666 663 -1
663 666 -1
666 663 -1
651 666 -1
666 651 -1
651 666 -1
666 651 -1
651 666 -1
666 651 -1
651 666 -1
666 651 -1
651 666 -1
666 651 -1
