710 790 -1
790 710 -1
710 750 -1
750 710 -1
2 40 -1
40 2 -1
2 365 -1
365 2 -1
2 365 -1
365 2 -1
365 385 -1
385 365 -1
365 640 -1
640 365 -1
365 740 -1
740 365 -1
365 770 -1
770 365 -1
210 850 -1
850 210 -1
155 160 -1
160 155 -1
630 645 -1
645 630 -1
700 770 -1
770 700 -1
211 490 -1
490 211 -1
732 740 -1
740 732 -1
812 816 -1
816 812 -1
365 812 -1
812 365 -1
812 816 -1
816 812 -1
520 530 -1
530 520 -1
710 732 -1
732 710 -1
220 616 -1
616 220 -1
220 600 -1
600 220 -1
710 790 -1
790 710 -1
2 710 -1
710 2 -1
800 812 -1
812 800 -1
812 816 -1
816 812 -1
2 731 -1
731 2 -1
731 732 -1
732 731 -1
452 490 -1
490 452 -1
211 365 -1
365 211 -1
811 817 -1
817 811 -1
365 740 -1
740 365 -1
200 395 -1
395 200 -1
2 305 -1
305 2 -1
305 325 -1
325 305 -1
305 310 -1
310 305 -1
750 770 -1
770 750 -1
651 663 -1
663 651 -1
663 666 -1
666 663 -1
816 817 -1
817 816 -1
651 666 -1
666 651 -1
651 666 -1
666 651 -1
651 666 -1
666 651 -1
651 666 -1
666 651 -1
651 666 -1
666 651 -1
