2 265 -1
265 2 -1
2 290 -1
290 2 -1
2 315 -1
315 2 -1
2 365 -1
365 2 -1
200 265 -1
265 200 -1
200 290 -1
290 200 -1
200 315 -1
315 200 -1
200 365 -1
365 200 -1
220 265 -1
265 220 -1
220 290 -1
290 220 -1
220 315 -1
315 220 -1
220 365 -1
365 220 -1
260 265 -1
265 260 -1
260 290 -1
290 260 -1
260 315 -1
315 260 -1
260 365 -1
365 260 -1
220 616 -1
616 220 -1
200 645 -1
645 200 -1
616 645 -1
645 616 -1
625 645 -1
645 625 -1
630 645 -1
645 630 -1
645 651 -1
651 645 -1
645 663 -1
663 645 -1
645 670 -1
670 645 -1
645 690 -1
690 645 -1
710 750 -1
750 710 -1
710 750 -1
750 710 -1
2 40 -1
40 2 -1
2 365 -1
365 2 -1
210 850 -1
850 210 -1
235 750 -1
750 235 -1
800 811 -1
811 800 -1
700 770 -1
770 700 -1
732 740 -1
740 732 -1
2 365 -1
365 2 -1
2 710 -1
710 2 -1
2 816 -1
816 2 -1
365 800 -1
800 365 -1
365 812 -1
812 365 -1
710 800 -1
800 710 -1
710 812 -1
812 710 -1
800 816 -1
816 800 -1
812 816 -1
816 812 -1
235 433 -1
433 235 -1
520 530 -1
530 520 -1
365 740 -1
740 365 -1
2 42 -1
42 2 -1
200 390 -1
390 200 -1
812 816 -1
816 812 -1
2 731 -1
731 2 -1
731 732 -1
732 731 -1
260 265 -1
265 260 -1
235 434 -1
434 235 -1
230 600 -1
600 230 -1
365 740 -1
740 365 -1
710 817 -1
817 710 -1
750 770 -1
770 750 -1
230 600 -1
600 230 -1
663 666 -1
666 663 -1
2 816 -1
816 2 -1
651 666 -1
666 651 -1
651 666 -1
666 651 -1
651 666 -1
666 651 -1
652 666 -1
666 652 -1
652 666 -1
666 652 -1
