2 40 -1
40 2 -1
2 365 -1
365 2 -1
200 645 -1
645 200 -1
616 645 -1
645 616 -1
625 645 -1
645 625 -1
645 651 -1
651 645 -1
645 663 -1
663 645 -1
645 670 -1
670 645 -1
645 690 -1
690 645 -1
2 710 -1
710 2 -1
710 713 -1
713 710 -1
710 750 -1
750 710 -1
200 678 -1
678 200 -1
663 666 -1
666 663 -1
210 850 -1
850 210 -1
600 615 -1
615 600 -1
2 651 -1
651 2 -1
2 678 -1
678 2 -1
651 663 -1
663 651 -1
651 670 -1
670 651 -1
663 678 -1
678 663 -1
670 678 -1
678 670 -1
640 645 -1
645 640 -1
150 160 -1
160 150 -1
800 811 -1
811 800 -1
750 770 -1
770 750 -1
732 740 -1
740 732 -1
2 365 -1
365 2 -1
2 710 -1
710 2 -1
200 365 -1
365 200 -1
200 710 -1
710 200 -1
365 800 -1
800 365 -1
365 812 -1
812 365 -1
365 900 -1
900 365 -1
365 920 -1
920 365 -1
710 800 -1
800 710 -1
710 812 -1
812 710 -1
710 900 -1
900 710 -1
710 920 -1
920 710 -1
812 816 -1
816 812 -1
432 435 -1
435 432 -1
452 461 -1
461 452 -1
710 750 -1
750 710 -1
750 790 -1
790 750 -1
2 731 -1
731 2 -1
731 732 -1
732 731 -1
2 365 -1
365 2 -1
260 265 -1
265 260 -1
91 93 -1
93 91 -1
750 770 -1
770 750 -1
811 817 -1
817 811 -1
365 740 -1
740 365 -1
365 740 -1
740 365 -1
235 438 -1
438 235 -1
365 640 -1
640 365 -1
640 652 -1
652 640 -1
2 135 -1
135 2 -1
2 365 -1
365 2 -1
2 710 -1
710 2 -1
2 816 -1
816 2 -1
652 666 -1
666 652 -1
652 666 -1
666 652 -1
