200 678 -1
678 200 -1
140 220 -1
220 140 -1
2 41 -1
41 2 -1
20 41 -1
41 20 -1
41 42 -1
42 41 -1
41 200 -1
200 41 -1
663 666 -1
666 663 -1
200 850 -1
850 200 -1
820 850 -1
850 820 -1
850 900 -1
900 850 -1
600 615 -1
615 600 -1
155 160 -1
160 155 -1
651 670 -1
670 651 -1
670 678 -1
678 670 -1
350 640 -1
640 350 -1
750 770 -1
770 750 -1
732 740 -1
740 732 -1
2 710 -1
710 2 -1
710 800 -1
800 710 -1
710 812 -1
812 710 -1
812 816 -1
816 812 -1
434 436 -1
436 434 -1
520 530 -1
530 520 -1
501 520 -1
520 501 -1
2 130 -1
130 2 -1
200 678 -1
678 200 -1
2 731 -1
731 2 -1
731 732 -1
732 731 -1
2 365 -1
365 2 -1
260 365 -1
365 260 -1
800 811 -1
811 800 -1
750 770 -1
770 750 -1
811 817 -1
817 811 -1
710 713 -1
713 710 -1
740 850 -1
850 740 -1
365 630 -1
630 365 -1
260 315 -1
315 260 -1
2 365 -1
365 2 -1
652 660 -1
660 652 -1
652 660 -1
660 652 -1
651 666 -1
666 651 -1
652 666 -1
666 652 -1
652 666 -1
666 652 -1
