220 481 -1
481 220 -1
200 678 -1
678 200 -1
2 365 -1
365 2 -1
2 710 -1
710 2 -1
2 816 -1
816 2 -1
365 817 -1
817 365 -1
365 900 -1
900 365 -1
710 817 -1
817 710 -1
710 900 -1
900 710 -1
816 817 -1
817 816 -1
816 900 -1
900 816 -1
710 750 -1
750 710 -1
663 666 -1
666 663 -1
200 850 -1
850 200 -1
820 850 -1
850 820 -1
850 900 -1
900 850 -1
2 811 -1
811 2 -1
811 817 -1
817 811 -1
800 811 -1
811 800 -1
350 640 -1
640 350 -1
750 770 -1
770 750 -1
732 740 -1
740 732 -1
2 710 -1
710 2 -1
710 800 -1
800 710 -1
710 812 -1
812 710 -1
812 816 -1
816 812 -1
516 517 -1
517 516 -1
2 731 -1
731 2 -1
731 732 -1
732 731 -1
434 436 -1
436 434 -1
520 530 -1
530 520 -1
501 520 -1
520 501 -1
800 812 -1
812 800 -1
155 160 -1
160 155 -1
651 670 -1
670 651 -1
2 731 -1
731 2 -1
731 732 -1
732 731 -1
2 365 -1
365 2 -1
365 710 -1
710 365 -1
710 713 -1
713 710 -1
2 365 -1
365 2 -1
820 850 -1
850 820 -1
2 651 -1
651 2 -1
365 380 -1
380 365 -1
260 365 -1
365 260 -1
651 666 -1
666 651 -1
652 666 -1
666 652 -1
