200 678 -1
678 200 -1
2 365 -1
365 2 -1
2 710 -1
710 2 -1
2 816 -1
816 2 -1
365 732 -1
732 365 -1
365 817 -1
817 365 -1
365 900 -1
900 365 -1
365 920 -1
920 365 -1
710 732 -1
732 710 -1
710 817 -1
817 710 -1
710 900 -1
900 710 -1
710 920 -1
920 710 -1
732 816 -1
816 732 -1
816 817 -1
817 816 -1
816 900 -1
900 816 -1
816 920 -1
920 816 -1
710 750 -1
750 710 -1
660 666 -1
666 660 -1
663 666 -1
666 663 -1
200 850 -1
850 200 -1
820 850 -1
850 820 -1
850 900 -1
900 850 -1
811 817 -1
817 811 -1
2 710 -1
710 2 -1
2 811 -1
811 2 -1
710 800 -1
800 710 -1
710 817 -1
817 710 -1
800 811 -1
811 800 -1
811 817 -1
817 811 -1
800 811 -1
811 800 -1
750 770 -1
770 750 -1
490 500 -1
500 490 -1
484 490 -1
490 484 -1
812 816 -1
816 812 -1
500 501 -1
501 500 -1
2 731 -1
731 2 -1
731 732 -1
732 731 -1
452 461 -1
461 452 -1
750 790 -1
790 750 -1
155 160 -1
160 155 -1
200 552 -1
552 200 -1
551 552 -1
552 551 -1
520 530 -1
530 520 -1
630 645 -1
645 630 -1
352 640 -1
640 352 -1
352 640 -1
640 352 -1
651 670 -1
670 651 -1
670 678 -1
678 670 -1
750 770 -1
770 750 -1
365 710 -1
710 365 -1
365 710 -1
710 365 -1
710 713 -1
713 710 -1
820 850 -1
850 820 -1
740 850 -1
850 740 -1
200 365 -1
365 200 -1
2 731 -1
731 2 -1
2 710 -1
710 2 -1
640 652 -1
652 640 -1
640 645 -1
645 640 -1
651 666 -1
666 651 -1
652 666 -1
666 652 -1
