365 710 -1
710 365 -1
2 710 -1
710 2 -1
2 816 -1
816 2 -1
710 732 -1
732 710 -1
710 817 -1
817 710 -1
710 840 -1
840 710 -1
710 900 -1
900 710 -1
710 920 -1
920 710 -1
732 816 -1
816 732 -1
816 817 -1
817 816 -1
816 840 -1
840 816 -1
816 900 -1
900 816 -1
816 920 -1
920 816 -1
710 750 -1
750 710 -1
652 666 -1
666 652 -1
651 670 -1
670 651 -1
670 678 -1
678 670 -1
101 110 -1
110 101 -1
2 710 -1
710 2 -1
2 811 -1
811 2 -1
710 800 -1
800 710 -1
710 817 -1
817 710 -1
800 811 -1
811 800 -1
811 817 -1
817 811 -1
800 811 -1
811 800 -1
750 770 -1
770 750 -1
483 625 -1
625 483 -1
490 552 -1
552 490 -1
520 552 -1
552 520 -1
552 580 -1
580 552 -1
437 438 -1
438 437 -1
438 452 -1
452 438 -1
812 816 -1
816 812 -1
2 731 -1
731 2 -1
731 732 -1
732 731 -1
235 551 -1
551 235 -1
551 552 -1
552 551 -1
438 452 -1
452 438 -1
210 710 -1
710 210 -1
200 552 -1
552 200 -1
551 552 -1
552 551 -1
520 530 -1
530 520 -1
630 645 -1
645 630 -1
630 645 -1
645 630 -1
200 678 -1
678 200 -1
750 770 -1
770 750 -1
365 710 -1
710 365 -1
710 713 -1
713 710 -1
710 713 -1
713 710 -1
200 850 -1
850 200 -1
732 740 -1
740 732 -1
710 732 -1
732 710 -1
2 365 -1
365 2 -1
2 710 -1
710 2 -1
200 235 -1
235 200 -1
652 663 -1
663 652 -1
651 666 -1
666 651 -1
651 666 -1
666 651 -1
652 666 -1
666 652 -1
663 666 -1
666 663 -1
652 666 -1
666 652 -1
