365 710 -1
710 365 -1
2 365 -1
365 2 -1
365 666 -1
666 365 -1
2 710 -1
710 2 -1
2 816 -1
816 2 -1
710 732 -1
732 710 -1
710 800 -1
800 710 -1
710 817 -1
817 710 -1
710 840 -1
840 710 -1
710 900 -1
900 710 -1
710 920 -1
920 710 -1
732 816 -1
816 732 -1
800 816 -1
816 800 -1
816 817 -1
817 816 -1
816 840 -1
840 816 -1
816 900 -1
900 816 -1
816 920 -1
920 816 -1
645 666 -1
666 645 -1
651 666 -1
666 651 -1
652 666 -1
666 652 -1
663 666 -1
666 663 -1
666 670 -1
670 666 -1
666 690 -1
690 666 -1
663 666 -1
666 663 -1
651 670 -1
670 651 -1
670 678 -1
678 670 -1
40 101 -1
101 40 -1
101 110 -1
110 101 -1
2 811 -1
811 2 -1
732 811 -1
811 732 -1
811 817 -1
817 811 -1
800 811 -1
811 800 -1
350 640 -1
640 350 -1
352 640 -1
640 352 -1
750 770 -1
770 750 -1
437 438 -1
438 437 -1
812 816 -1
816 812 -1
501 520 -1
520 501 -1
520 530 -1
530 520 -1
2 731 -1
731 2 -1
731 732 -1
732 731 -1
235 551 -1
551 235 -1
530 625 -1
625 530 -1
651 666 -1
666 651 -1
155 160 -1
160 155 -1
710 750 -1
750 710 -1
2 130 -1
130 2 -1
710 750 -1
750 710 -1
200 678 -1
678 200 -1
365 710 -1
710 365 -1
2 710 -1
710 2 -1
2 365 -1
365 2 -1
365 732 -1
732 365 -1
365 740 -1
740 365 -1
2 365 -1
365 2 -1
260 265 -1
265 260 -1
200 365 -1
365 200 -1
2 365 -1
365 2 -1
710 713 -1
713 710 -1
666 670 -1
670 666 -1
645 690 -1
690 645 -1
652 666 -1
666 652 -1
