365 710 -1
710 365 -1
265 315 -1
315 265 -1
290 315 -1
315 290 -1
310 315 -1
315 310 -1
315 355 -1
355 315 -1
315 365 -1
365 315 -1
2 731 -1
731 2 -1
2 710 -1
710 2 -1
2 816 -1
816 2 -1
710 732 -1
732 710 -1
710 800 -1
800 710 -1
710 817 -1
817 710 -1
710 840 -1
840 710 -1
710 900 -1
900 710 -1
710 920 -1
920 710 -1
732 816 -1
816 732 -1
800 816 -1
816 800 -1
816 817 -1
817 816 -1
816 840 -1
840 816 -1
816 900 -1
900 816 -1
816 920 -1
920 816 -1
660 666 -1
666 660 -1
663 666 -1
666 663 -1
615 666 -1
666 615 -1
820 840 -1
840 820 -1
812 816 -1
816 812 -1
2 731 -1
731 2 -1
731 732 -1
732 731 -1
235 551 -1
551 235 -1
551 560 -1
560 551 -1
500 625 -1
625 500 -1
750 790 -1
790 750 -1
651 666 -1
666 651 -1
155 160 -1
160 155 -1
800 811 -1
811 800 -1
2 811 -1
811 2 -1
710 817 -1
817 710 -1
365 452 -1
452 365 -1
365 710 -1
710 365 -1
101 365 -1
365 101 -1
140 365 -1
365 140 -1
2 651 -1
651 2 -1
365 740 -1
740 365 -1
200 710 -1
710 200 -1
160 365 -1
365 160 -1
40 101 -1
101 40 -1
811 840 -1
840 811 -1
652 666 -1
666 652 -1
