365 710 -1
710 365 -1
2 135 -1
135 2 -1
710 775 -1
775 710 -1
2 710 -1
710 2 -1
2 816 -1
816 2 -1
710 732 -1
732 710 -1
710 800 -1
800 710 -1
710 817 -1
817 710 -1
710 840 -1
840 710 -1
710 900 -1
900 710 -1
710 920 -1
920 710 -1
732 816 -1
816 732 -1
800 816 -1
816 800 -1
816 817 -1
817 816 -1
816 840 -1
840 816 -1
816 900 -1
900 816 -1
816 920 -1
920 816 -1
663 666 -1
666 663 -1
670 680 -1
680 670 -1
630 645 -1
645 630 -1
160 165 -1
165 160 -1
91 92 -1
92 91 -1
482 483 -1
483 482 -1
484 490 -1
490 484 -1
235 484 -1
484 235 -1
812 816 -1
816 812 -1
811 816 -1
816 811 -1
2 365 -1
365 2 -1
2 731 -1
731 2 -1
731 732 -1
732 731 -1
235 433 -1
433 235 -1
235 551 -1
551 235 -1
551 552 -1
552 551 -1
230 411 -1
411 230 -1
651 666 -1
666 651 -1
200 230 -1
230 200 -1
2 811 -1
811 2 -1
365 452 -1
452 365 -1
800 812 -1
812 800 -1
710 750 -1
750 710 -1
630 645 -1
645 630 -1
101 110 -1
110 101 -1
670 678 -1
678 670 -1
750 770 -1
770 750 -1
750 770 -1
770 750 -1
750 770 -1
770 750 -1
2 710 -1
710 2 -1
365 740 -1
740 365 -1
800 811 -1
811 800 -1
652 660 -1
660 652 -1
235 490 -1
490 235 -1
652 666 -1
666 652 -1
