2 710 -1
710 2 -1
2 816 -1
816 2 -1
710 732 -1
732 710 -1
710 800 -1
800 710 -1
710 811 -1
811 710 -1
710 817 -1
817 710 -1
710 840 -1
840 710 -1
710 900 -1
900 710 -1
710 920 -1
920 710 -1
732 816 -1
816 732 -1
800 816 -1
816 800 -1
811 816 -1
816 811 -1
816 817 -1
817 816 -1
816 900 -1
900 816 -1
816 920 -1
920 816 -1
2 365 -1
365 2 -1
2 645 -1
645 2 -1
2 652 -1
652 2 -1
200 365 -1
365 200 -1
645 663 -1
663 645 -1
652 663 -1
663 652 -1
652 666 -1
666 652 -1
663 666 -1
666 663 -1
615 666 -1
666 615 -1
484 490 -1
490 484 -1
812 816 -1
816 812 -1
811 816 -1
816 811 -1
731 732 -1
732 731 -1
235 433 -1
433 235 -1
235 438 -1
438 235 -1
365 666 -1
666 365 -1
651 666 -1
666 651 -1
800 811 -1
811 800 -1
800 812 -1
812 800 -1
630 645 -1
645 630 -1
2 365 -1
365 2 -1
101 110 -1
110 101 -1
670 678 -1
678 670 -1
750 770 -1
770 750 -1
90 92 -1
92 90 -1
651 666 -1
666 651 -1
652 666 -1
666 652 -1
