2 710 -1
710 2 -1
2 816 -1
816 2 -1
710 732 -1
732 710 -1
710 800 -1
800 710 -1
710 811 -1
811 710 -1
710 817 -1
817 710 -1
710 840 -1
840 710 -1
710 900 -1
900 710 -1
710 920 -1
920 710 -1
732 816 -1
816 732 -1
800 816 -1
816 800 -1
811 816 -1
816 811 -1
816 817 -1
817 816 -1
816 900 -1
900 816 -1
816 920 -1
920 816 -1
651 666 -1
666 651 -1
652 666 -1
666 652 -1
652 663 -1
663 652 -1
678 680 -1
680 678 -1
630 645 -1
645 630 -1
2 130 -1
130 2 -1
812 816 -1
816 812 -1
731 732 -1
732 731 -1
500 510 -1
510 500 -1
235 433 -1
433 235 -1
235 551 -1
551 235 -1
500 625 -1
625 500 -1
750 770 -1
770 750 -1
310 360 -1
360 310 -1
315 360 -1
360 315 -1
360 365 -1
365 360 -1
345 355 -1
355 345 -1
710 750 -1
750 710 -1
630 645 -1
645 630 -1
420 433 -1
433 420 -1
490 551 -1
551 490 -1
500 517 -1
517 500 -1
500 625 -1
625 500 -1
260 265 -1
265 260 -1
2 40 -1
40 2 -1
2 710 -1
710 2 -1
651 666 -1
666 651 -1
652 666 -1
666 652 -1
365 666 -1
666 365 -1
