200 395 -1
395 200 -1
2 130 -1
130 2 -1
2 816 -1
816 2 -1
732 816 -1
816 732 -1
800 816 -1
816 800 -1
811 816 -1
816 811 -1
816 817 -1
817 816 -1
816 900 -1
900 816 -1
651 666 -1
666 651 -1
652 666 -1
666 652 -1
680 698 -1
698 680 -1
678 680 -1
680 678 -1
230 600 -1
600 230 -1
630 645 -1
645 630 -1
411 481 -1
481 411 -1
812 816 -1
816 812 -1
235 510 -1
510 235 -1
500 510 -1
510 500 -1
510 620 -1
620 510 -1
235 433 -1
433 235 -1
235 551 -1
551 235 -1
645 690 -1
690 645 -1
620 625 -1
625 620 -1
90 200 -1
200 90 -1
516 517 -1
517 516 -1
750 770 -1
770 750 -1
2 710 -1
710 2 -1
2 365 -1
365 2 -1
