2 365 -1
365 2 -1
365 666 -1
666 365 -1
200 395 -1
395 200 -1
2 816 -1
816 2 -1
732 816 -1
816 732 -1
800 816 -1
816 800 -1
811 816 -1
816 811 -1
816 817 -1
817 816 -1
620 666 -1
666 620 -1
645 666 -1
666 645 -1
651 666 -1
666 651 -1
652 666 -1
666 652 -1
663 666 -1
666 663 -1
666 670 -1
670 666 -1
680 698 -1
698 680 -1
230 600 -1
600 230 -1
645 770 -1
770 645 -1
235 553 -1
553 235 -1
812 816 -1
816 812 -1
510 516 -1
516 510 -1
516 517 -1
517 516 -1
500 501 -1
501 500 -1
500 510 -1
510 500 -1
235 438 -1
438 235 -1
235 551 -1
551 235 -1
551 552 -1
552 551 -1
551 560 -1
560 551 -1
645 670 -1
670 645 -1
645 690 -1
690 645 -1
160 165 -1
165 160 -1
165 385 -1
385 165 -1
520 530 -1
530 520 -1
710 750 -1
750 710 -1
630 645 -1
645 630 -1
510 516 -1
516 510 -1
710 712 -1
712 710 -1
2 620 -1
620 2 -1
551 560 -1
560 551 -1
500 551 -1
551 500 -1
651 666 -1
666 651 -1
652 666 -1
666 652 -1
