710 817 -1
817 710 -1
365 710 -1
710 365 -1
811 816 -1
816 811 -1
816 817 -1
817 816 -1
651 666 -1
666 651 -1
660 666 -1
666 660 -1
230 600 -1
600 230 -1
350 640 -1
640 350 -1
350 640 -1
640 350 -1
352 640 -1
640 352 -1
500 510 -1
510 500 -1
500 551 -1
551 500 -1
500 625 -1
625 500 -1
420 433 -1
433 420 -1
551 552 -1
552 551 -1
551 560 -1
560 551 -1
432 439 -1
439 432 -1
520 530 -1
530 520 -1
260 395 -1
395 260 -1
630 645 -1
645 630 -1
200 500 -1
500 200 -1
350 640 -1
640 350 -1
731 732 -1
732 731 -1
365 710 -1
710 365 -1
710 712 -1
712 710 -1
2 40 -1
40 2 -1
365 666 -1
666 365 -1
710 817 -1
817 710 -1
713 817 -1
817 713 -1
817 840 -1
840 817 -1
551 560 -1
560 551 -1
651 666 -1
666 651 -1
652 666 -1
666 652 -1
652 666 -1
666 652 -1
