2 811 -1
811 2 -1
710 750 -1
750 710 -1
90 200 -1
200 90 -1
811 816 -1
816 811 -1
816 817 -1
817 816 -1
200 395 -1
395 200 -1
660 666 -1
666 660 -1
680 698 -1
698 680 -1
110 140 -1
140 110 -1
800 811 -1
811 800 -1
350 640 -1
640 350 -1
230 615 -1
615 230 -1
435 615 -1
615 435 -1
600 615 -1
615 600 -1
552 571 -1
571 552 -1
800 812 -1
812 800 -1
500 510 -1
510 500 -1
500 551 -1
551 500 -1
432 439 -1
439 432 -1
520 530 -1
530 520 -1
541 552 -1
552 541 -1
811 816 -1
816 811 -1
40 490 -1
490 40 -1
40 560 -1
560 40 -1
490 540 -1
540 490 -1
540 560 -1
560 540 -1
235 850 -1
850 235 -1
2 731 -1
731 2 -1
731 732 -1
732 731 -1
645 690 -1
690 645 -1
630 645 -1
645 630 -1
200 500 -1
500 200 -1
230 600 -1
600 230 -1
775 800 -1
800 775 -1
620 651 -1
651 620 -1
651 666 -1
666 651 -1
651 666 -1
666 651 -1
652 666 -1
666 652 -1
652 666 -1
666 652 -1
