220 520 -1
520 220 -1
2 731 -1
731 2 -1
731 732 -1
732 731 -1
160 200 -1
200 160 -1
365 740 -1
740 365 -1
200 395 -1
395 200 -1
680 698 -1
698 680 -1
110 140 -1
140 110 -1
91 92 -1
92 91 -1
135 155 -1
155 135 -1
800 811 -1
811 800 -1
800 811 -1
811 800 -1
350 640 -1
640 350 -1
552 571 -1
571 552 -1
483 620 -1
620 483 -1
471 481 -1
481 471 -1
500 501 -1
501 500 -1
500 666 -1
666 500 -1
520 530 -1
530 520 -1
541 552 -1
552 541 -1
551 552 -1
552 551 -1
811 816 -1
816 811 -1
40 490 -1
490 40 -1
40 551 -1
551 40 -1
40 560 -1
560 40 -1
490 540 -1
540 490 -1
540 551 -1
551 540 -1
540 560 -1
560 540 -1
235 850 -1
850 235 -1
750 771 -1
771 750 -1
339 345 -1
345 339 -1
101 110 -1
110 101 -1
110 115 -1
115 110 -1
2 666 -1
666 2 -1
710 732 -1
732 710 -1
2 40 -1
40 2 -1
630 680 -1
680 630 -1
2 731 -1
731 2 -1
666 670 -1
670 666 -1
645 652 -1
652 645 -1
200 652 -1
652 200 -1
651 666 -1
666 651 -1
652 666 -1
666 652 -1
