800 811 -1
811 800 -1
552 571 -1
571 552 -1
483 620 -1
620 483 -1
541 552 -1
552 541 -1
551 552 -1
552 551 -1
811 816 -1
816 811 -1
40 490 -1
490 40 -1
40 560 -1
560 40 -1
490 540 -1
540 490 -1
540 560 -1
560 540 -1
40 520 -1
520 40 -1
520 530 -1
530 520 -1
155 160 -1
160 155 -1
130 135 -1
135 130 -1
90 200 -1
200 90 -1
500 510 -1
510 500 -1
530 625 -1
625 530 -1
135 155 -1
155 135 -1
501 510 -1
510 501 -1
490 560 -1
560 490 -1
811 812 -1
812 811 -1
40 220 -1
220 40 -1
40 482 -1
482 40 -1
40 490 -1
490 40 -1
40 600 -1
600 40 -1
40 651 -1
651 40 -1
220 484 -1
484 220 -1
220 500 -1
500 220 -1
220 540 -1
540 220 -1
482 484 -1
484 482 -1
482 500 -1
500 482 -1
482 540 -1
540 482 -1
484 490 -1
490 484 -1
484 600 -1
600 484 -1
484 651 -1
651 484 -1
490 500 -1
500 490 -1
490 540 -1
540 490 -1
500 600 -1
600 500 -1
500 651 -1
651 500 -1
540 600 -1
600 540 -1
540 651 -1
651 540 -1
2 731 -1
731 2 -1
731 732 -1
732 731 -1
2 365 -1
365 2 -1
110 115 -1
115 110 -1
365 710 -1
710 365 -1
2 40 -1
40 2 -1
732 740 -1
740 732 -1
365 740 -1
740 365 -1
93 94 -1
94 93 -1
616 620 -1
620 616 -1
135 155 -1
155 135 -1
160 365 -1
365 160 -1
620 651 -1
651 620 -1
510 560 -1
560 510 -1
551 560 -1
560 551 -1
501 520 -1
520 501 -1
775 800 -1
800 775 -1
510 552 -1
552 510 -1
551 552 -1
552 551 -1
651 666 -1
666 651 -1
652 666 -1
666 652 -1
490 551 -1
551 490 -1
800 816 -1
816 800 -1
483 620 -1
620 483 -1
660 666 -1
666 660 -1
