800 811 -1
811 800 -1
552 571 -1
571 552 -1
811 816 -1
816 811 -1
40 490 -1
490 40 -1
40 560 -1
560 40 -1
490 540 -1
540 490 -1
540 560 -1
560 540 -1
40 520 -1
520 40 -1
520 530 -1
530 520 -1
520 530 -1
530 520 -1
155 160 -1
160 155 -1
155 160 -1
160 155 -1
130 135 -1
135 130 -1
500 510 -1
510 500 -1
350 640 -1
640 350 -1
2 731 -1
731 2 -1
731 732 -1
732 731 -1
2 365 -1
365 2 -1
110 115 -1
115 110 -1
93 94 -1
94 93 -1
678 680 -1
680 678 -1
365 630 -1
630 365 -1
365 710 -1
710 365 -1
365 740 -1
740 365 -1
620 651 -1
651 620 -1
325 620 -1
620 325 -1
800 812 -1
812 800 -1
552 571 -1
571 552 -1
551 560 -1
560 551 -1
365 710 -1
710 365 -1
710 816 -1
816 710 -1
145 155 -1
155 145 -1
501 651 -1
651 501 -1
220 540 -1
540 220 -1
540 600 -1
600 540 -1
552 571 -1
571 552 -1
510 552 -1
552 510 -1
551 552 -1
552 551 -1
652 666 -1
666 652 -1
352 651 -1
651 352 -1
365 385 -1
385 365 -1
220 620 -1
620 220 -1
483 620 -1
620 483 -1
660 666 -1
666 660 -1
