800 811 -1
811 800 -1
811 816 -1
816 811 -1
40 560 -1
560 40 -1
540 560 -1
560 540 -1
700 770 -1
770 700 -1
520 530 -1
530 520 -1
155 160 -1
160 155 -1
710 750 -1
750 710 -1
630 645 -1
645 630 -1
630 645 -1
645 630 -1
500 510 -1
510 500 -1
510 620 -1
620 510 -1
2 731 -1
731 2 -1
731 732 -1
732 731 -1
2 365 -1
365 2 -1
2 365 -1
365 2 -1
2 40 -1
40 2 -1
2 365 -1
365 2 -1
91 93 -1
93 91 -1
678 680 -1
680 678 -1
365 710 -1
710 365 -1
365 740 -1
740 365 -1
2 135 -1
135 2 -1
2 20 -1
20 2 -1
530 625 -1
625 530 -1
620 625 -1
625 620 -1
620 651 -1
651 620 -1
540 552 -1
552 540 -1
800 812 -1
812 800 -1
552 571 -1
571 552 -1
365 710 -1
710 365 -1
710 816 -1
816 710 -1
2 630 -1
630 2 -1
2 620 -1
620 2 -1
820 840 -1
840 820 -1
600 615 -1
615 600 -1
630 700 -1
700 630 -1
710 812 -1
812 710 -1
510 552 -1
552 510 -1
551 552 -1
552 551 -1
651 666 -1
666 651 -1
652 666 -1
666 652 -1
230 600 -1
600 230 -1
220 620 -1
620 220 -1
483 620 -1
620 483 -1
