800 811 -1
811 800 -1
800 816 -1
816 800 -1
40 560 -1
560 40 -1
540 560 -1
560 540 -1
365 700 -1
700 365 -1
700 770 -1
770 700 -1
520 530 -1
530 520 -1
155 160 -1
160 155 -1
630 645 -1
645 630 -1
670 678 -1
678 670 -1
2 731 -1
731 2 -1
731 732 -1
732 731 -1
2 365 -1
365 2 -1
20 365 -1
365 20 -1
200 365 -1
365 200 -1
210 365 -1
365 210 -1
260 365 -1
365 260 -1
325 365 -1
365 325 -1
365 385 -1
385 365 -1
365 710 -1
710 365 -1
365 710 -1
710 365 -1
40 600 -1
600 40 -1
220 620 -1
620 220 -1
616 620 -1
620 616 -1
365 630 -1
630 365 -1
630 700 -1
700 630 -1
2 630 -1
630 2 -1
2 130 -1
130 2 -1
652 663 -1
663 652 -1
652 666 -1
666 652 -1
630 690 -1
690 630 -1
750 771 -1
771 750 -1
775 800 -1
800 775 -1
490 551 -1
551 490 -1
600 615 -1
615 600 -1
800 812 -1
812 800 -1
680 698 -1
698 680 -1
365 698 -1
698 365 -1
345 365 -1
365 345 -1
820 840 -1
840 820 -1
620 651 -1
651 620 -1
435 600 -1
600 435 -1
93 100 -1
100 93 -1
484 490 -1
490 484 -1
652 666 -1
666 652 -1
652 666 -1
666 652 -1
660 666 -1
666 660 -1
816 850 -1
850 816 -1
220 620 -1
620 220 -1
483 620 -1
620 483 -1
616 620 -1
620 616 -1
220 620 -1
620 220 -1
