800 811 -1
811 800 -1
800 816 -1
816 800 -1
40 560 -1
560 40 -1
540 560 -1
560 540 -1
365 700 -1
700 365 -1
700 770 -1
770 700 -1
520 530 -1
530 520 -1
155 160 -1
160 155 -1
155 160 -1
160 155 -1
630 645 -1
645 630 -1
130 135 -1
135 130 -1
350 640 -1
640 350 -1
731 732 -1
732 731 -1
2 365 -1
365 2 -1
101 110 -1
110 101 -1
91 93 -1
93 91 -1
750 770 -1
770 750 -1
385 390 -1
390 385 -1
2 731 -1
731 2 -1
2 40 -1
40 2 -1
2 630 -1
630 2 -1
666 670 -1
670 666 -1
365 380 -1
380 365 -1
630 690 -1
690 630 -1
750 771 -1
771 750 -1
630 640 -1
640 630 -1
2 620 -1
620 2 -1
520 620 -1
620 520 -1
620 625 -1
625 620 -1
620 651 -1
651 620 -1
620 698 -1
698 620 -1
2 620 -1
620 2 -1
620 651 -1
651 620 -1
645 666 -1
666 645 -1
710 816 -1
816 710 -1
471 475 -1
475 471 -1
2 130 -1
130 2 -1
652 663 -1
663 652 -1
652 666 -1
666 652 -1
490 551 -1
551 490 -1
645 666 -1
666 645 -1
652 666 -1
666 652 -1
660 666 -1
666 660 -1
220 620 -1
620 220 -1
483 620 -1
620 483 -1
