800 811 -1
811 800 -1
800 816 -1
816 800 -1
40 560 -1
560 40 -1
540 560 -1
560 540 -1
365 700 -1
700 365 -1
700 770 -1
770 700 -1
520 530 -1
530 520 -1
155 160 -1
160 155 -1
630 645 -1
645 630 -1
350 640 -1
640 350 -1
350 640 -1
640 350 -1
731 732 -1
732 731 -1
2 365 -1
365 2 -1
365 740 -1
740 365 -1
101 110 -1
110 101 -1
101 200 -1
200 101 -1
100 101 -1
101 100 -1
91 93 -1
93 91 -1
70 90 -1
90 70 -1
750 770 -1
770 750 -1
2 731 -1
731 2 -1
365 380 -1
380 365 -1
732 740 -1
740 732 -1
710 816 -1
816 710 -1
365 740 -1
740 365 -1
2 93 -1
93 2 -1
2 620 -1
620 2 -1
2 365 -1
365 2 -1
560 570 -1
570 560 -1
775 800 -1
800 775 -1
452 461 -1
461 452 -1
160 200 -1
200 160 -1
800 812 -1
812 800 -1
850 910 -1
910 850 -1
101 110 -1
110 101 -1
645 652 -1
652 645 -1
2 620 -1
620 2 -1
325 365 -1
365 325 -1
490 551 -1
551 490 -1
652 663 -1
663 652 -1
645 666 -1
666 645 -1
652 666 -1
666 652 -1
740 840 -1
840 740 -1
2 680 -1
680 2 -1
680 698 -1
698 680 -1
160 200 -1
200 160 -1
652 666 -1
666 652 -1
660 666 -1
666 660 -1
