800 811 -1
811 800 -1
800 816 -1
816 800 -1
40 560 -1
560 40 -1
540 560 -1
560 540 -1
700 770 -1
770 700 -1
520 530 -1
530 520 -1
155 160 -1
160 155 -1
630 645 -1
645 630 -1
352 651 -1
651 352 -1
2 350 -1
350 2 -1
350 640 -1
640 350 -1
2 731 -1
731 2 -1
731 732 -1
732 731 -1
2 365 -1
365 2 -1
365 740 -1
740 365 -1
2 365 -1
365 2 -1
2 93 -1
93 2 -1
91 93 -1
93 91 -1
70 90 -1
90 70 -1
93 94 -1
94 93 -1
365 630 -1
630 365 -1
750 770 -1
770 750 -1
2 40 -1
40 2 -1
670 678 -1
678 670 -1
750 771 -1
771 750 -1
530 625 -1
625 530 -1
2 40 -1
40 2 -1
2 55 -1
55 2 -1
40 51 -1
51 40 -1
40 53 -1
53 40 -1
40 54 -1
54 40 -1
40 56 -1
56 40 -1
40 57 -1
57 40 -1
40 58 -1
58 40 -1
51 55 -1
55 51 -1
53 55 -1
55 53 -1
54 55 -1
55 54 -1
55 56 -1
56 55 -1
55 57 -1
57 55 -1
55 58 -1
58 55 -1
630 700 -1
700 630 -1
2 652 -1
652 2 -1
365 732 -1
732 365 -1
160 200 -1
200 160 -1
2 620 -1
620 2 -1
620 625 -1
625 620 -1
475 483 -1
483 475 -1
365 385 -1
385 365 -1
140 620 -1
620 140 -1
541 560 -1
560 541 -1
2 630 -1
630 2 -1
2 620 -1
620 2 -1
620 625 -1
625 620 -1
620 651 -1
651 620 -1
560 570 -1
570 560 -1
775 800 -1
800 775 -1
775 800 -1
800 775 -1
651 666 -1
666 651 -1
651 666 -1
666 651 -1
652 666 -1
666 652 -1
800 812 -1
812 800 -1
710 816 -1
816 710 -1
365 380 -1
380 365 -1
710 820 -1
820 710 -1
816 820 -1
820 816 -1
2 620 -1
620 2 -1
220 620 -1
620 220 -1
483 620 -1
620 483 -1
490 620 -1
620 490 -1
660 666 -1
666 660 -1
