800 811 -1
811 800 -1
800 816 -1
816 800 -1
40 560 -1
560 40 -1
540 560 -1
560 540 -1
365 700 -1
700 365 -1
700 770 -1
770 700 -1
520 530 -1
530 520 -1
520 530 -1
530 520 -1
155 160 -1
160 155 -1
630 645 -1
645 630 -1
130 135 -1
135 130 -1
2 350 -1
350 2 -1
350 640 -1
640 350 -1
350 640 -1
640 350 -1
731 732 -1
732 731 -1
2 365 -1
365 2 -1
2 365 -1
365 2 -1
260 315 -1
315 260 -1
2 93 -1
93 2 -1
91 93 -1
93 91 -1
93 94 -1
94 93 -1
70 90 -1
90 70 -1
220 230 -1
230 220 -1
750 770 -1
770 750 -1
750 770 -1
770 750 -1
365 740 -1
740 365 -1
775 800 -1
800 775 -1
560 571 -1
571 560 -1
750 780 -1
780 750 -1
220 620 -1
620 220 -1
200 630 -1
630 200 -1
600 615 -1
615 600 -1
640 645 -1
645 640 -1
630 670 -1
670 630 -1
850 910 -1
910 850 -1
2 620 -1
620 2 -1
620 625 -1
625 620 -1
620 651 -1
651 620 -1
200 645 -1
645 200 -1
670 678 -1
678 670 -1
750 771 -1
771 750 -1
2 652 -1
652 2 -1
651 666 -1
666 651 -1
652 666 -1
666 652 -1
800 812 -1
812 800 -1
2 630 -1
630 2 -1
710 820 -1
820 710 -1
816 820 -1
820 816 -1
630 670 -1
670 630 -1
630 690 -1
690 630 -1
630 692 -1
692 630 -1
630 694 -1
694 630 -1
630 696 -1
696 630 -1
630 698 -1
698 630 -1
220 620 -1
620 220 -1
483 620 -1
620 483 -1
490 620 -1
620 490 -1
710 816 -1
816 710 -1
660 666 -1
666 660 -1
