800 811 -1
811 800 -1
800 816 -1
816 800 -1
40 560 -1
560 40 -1
540 560 -1
560 540 -1
365 700 -1
700 365 -1
700 770 -1
770 700 -1
520 530 -1
530 520 -1
520 530 -1
530 520 -1
710 750 -1
750 710 -1
630 645 -1
645 630 -1
350 640 -1
640 350 -1
2 731 -1
731 2 -1
731 732 -1
732 731 -1
2 265 -1
265 2 -1
2 365 -1
365 2 -1
200 265 -1
265 200 -1
2 93 -1
93 2 -1
91 93 -1
93 91 -1
91 92 -1
92 91 -1
616 620 -1
620 616 -1
205 230 -1
230 205 -1
640 645 -1
645 640 -1
93 94 -1
94 93 -1
710 732 -1
732 710 -1
200 630 -1
630 200 -1
630 670 -1
670 630 -1
630 690 -1
690 630 -1
2 315 -1
315 2 -1
260 315 -1
315 260 -1
220 630 -1
630 220 -1
616 666 -1
666 616 -1
432 439 -1
439 432 -1
750 770 -1
770 750 -1
645 690 -1
690 645 -1
560 571 -1
571 560 -1
750 780 -1
780 750 -1
651 666 -1
666 651 -1
652 666 -1
666 652 -1
800 812 -1
812 800 -1
775 800 -1
800 775 -1
2 620 -1
620 2 -1
620 651 -1
651 620 -1
820 840 -1
840 820 -1
710 816 -1
816 710 -1
2 630 -1
630 2 -1
200 630 -1
630 200 -1
630 670 -1
670 630 -1
630 690 -1
690 630 -1
660 666 -1
666 660 -1
