800 811 -1
811 800 -1
800 816 -1
816 800 -1
40 560 -1
560 40 -1
540 560 -1
560 540 -1
700 770 -1
770 700 -1
710 750 -1
750 710 -1
630 645 -1
645 630 -1
352 640 -1
640 352 -1
350 640 -1
640 350 -1
731 732 -1
732 731 -1
2 365 -1
365 2 -1
710 732 -1
732 710 -1
2 93 -1
93 2 -1
91 93 -1
93 91 -1
41 42 -1
42 41 -1
645 692 -1
692 645 -1
630 640 -1
640 630 -1
552 560 -1
560 552 -1
551 560 -1
560 551 -1
692 694 -1
694 692 -1
93 94 -1
94 93 -1
630 670 -1
670 630 -1
630 640 -1
640 630 -1
2 630 -1
630 2 -1
160 713 -1
713 160 -1
560 571 -1
571 560 -1
432 439 -1
439 432 -1
630 670 -1
670 630 -1
630 690 -1
690 630 -1
630 692 -1
692 630 -1
630 694 -1
694 630 -1
630 696 -1
696 630 -1
365 630 -1
630 365 -1
541 553 -1
553 541 -1
551 553 -1
553 551 -1
552 553 -1
553 552 -1
620 666 -1
666 620 -1
630 690 -1
690 630 -1
200 630 -1
630 200 -1
260 315 -1
315 260 -1
200 230 -1
230 200 -1
560 572 -1
572 560 -1
355 640 -1
640 355 -1
750 770 -1
770 750 -1
365 710 -1
710 365 -1
530 625 -1
625 530 -1
652 666 -1
666 652 -1
800 812 -1
812 800 -1
710 816 -1
816 710 -1
2 630 -1
630 2 -1
200 630 -1
630 200 -1
630 670 -1
670 630 -1
630 690 -1
690 630 -1
750 771 -1
771 750 -1
710 816 -1
816 710 -1
432 439 -1
439 432 -1
220 620 -1
620 220 -1
483 620 -1
620 483 -1
2 620 -1
620 2 -1
2 365 -1
365 2 -1
