800 811 -1
811 800 -1
800 816 -1
816 800 -1
40 560 -1
560 40 -1
540 560 -1
560 540 -1
700 770 -1
770 700 -1
710 750 -1
750 710 -1
630 645 -1
645 630 -1
350 640 -1
640 350 -1
710 732 -1
732 710 -1
2 93 -1
93 2 -1
91 93 -1
93 91 -1
93 94 -1
94 93 -1
41 42 -1
42 41 -1
20 220 -1
220 20 -1
365 380 -1
380 365 -1
2 645 -1
645 2 -1
2 630 -1
630 2 -1
2 95 -1
95 2 -1
2 40 -1
40 2 -1
800 812 -1
812 800 -1
775 800 -1
800 775 -1
750 780 -1
780 750 -1
750 771 -1
771 750 -1
710 816 -1
816 710 -1
710 713 -1
713 710 -1
678 698 -1
698 678 -1
645 652 -1
652 645 -1
640 645 -1
645 640 -1
630 694 -1
694 630 -1
630 690 -1
690 630 -1
630 670 -1
670 630 -1
630 640 -1
640 630 -1
541 560 -1
560 541 -1
541 560 -1
560 541 -1
530 625 -1
625 530 -1
500 501 -1
501 500 -1
490 500 -1
500 490 -1
484 490 -1
490 484 -1
471 475 -1
475 471 -1
435 600 -1
600 435 -1
551 560 -1
560 551 -1
560 571 -1
571 560 -1
100 101 -1
101 100 -1
260 290 -1
290 260 -1
220 630 -1
630 220 -1
365 630 -1
630 365 -1
365 385 -1
385 365 -1
710 816 -1
816 710 -1
220 620 -1
620 220 -1
483 620 -1
620 483 -1
710 816 -1
816 710 -1
