40 560 -1
560 40 -1
540 560 -1
560 540 -1
630 645 -1
645 630 -1
2 93 -1
93 2 -1
91 93 -1
93 91 -1
365 380 -1
380 365 -1
2 630 -1
630 2 -1
2 95 -1
95 2 -1
850 910 -1
910 850 -1
820 840 -1
840 820 -1
775 800 -1
800 775 -1
740 910 -1
910 740 -1
710 816 -1
816 710 -1
710 713 -1
713 710 -1
630 696 -1
696 630 -1
560 572 -1
572 560 -1
560 571 -1
571 560 -1
552 560 -1
560 552 -1
530 625 -1
625 530 -1
352 640 -1
640 352 -1
200 645 -1
645 200 -1
100 101 -1
101 100 -1
94 95 -1
95 94 -1
91 93 -1
93 91 -1
630 692 -1
692 630 -1
20 220 -1
220 20 -1
2 645 -1
645 2 -1
2 620 -1
620 2 -1
800 812 -1
812 800 -1
630 690 -1
690 630 -1
630 670 -1
670 630 -1
630 640 -1
640 630 -1
220 630 -1
630 220 -1
2 630 -1
630 2 -1
