220 660 -1
660 220 -1
500 625 -1
625 500 -1
2 40 -1
40 2 -1
220 731 -1
731 220 -1
404 433 -1
433 404 -1
433 435 -1
435 433 -1
437 450 -1
450 437 -1
490 551 -1
551 490 -1
645 666 -1
666 645 -1
2 645 -1
645 2 -1
2 663 -1
663 2 -1
20 645 -1
645 20 -1
160 645 -1
645 160 -1
200 645 -1
645 200 -1
200 663 -1
663 200 -1
210 645 -1
645 210 -1
211 645 -1
645 211 -1
220 645 -1
645 220 -1
220 663 -1
663 220 -1
230 645 -1
645 230 -1
325 645 -1
645 325 -1
350 645 -1
645 350 -1
433 645 -1
645 433 -1
436 645 -1
645 436 -1
451 645 -1
645 451 -1
600 645 -1
645 600 -1
640 645 -1
645 640 -1
645 651 -1
651 645 -1
645 652 -1
652 645 -1
645 670 -1
670 645 -1
645 690 -1
690 645 -1
645 696 -1
696 645 -1
645 770 -1
770 645 -1
645 771 -1
771 645 -1
645 900 -1
900 645 -1
663 666 -1
666 663 -1
750 770 -1
770 750 -1
775 800 -1
800 775 -1
850 910 -1
910 850 -1
