645 666 -1
666 645 -1
2 645 -1
645 2 -1
2 663 -1
663 2 -1
20 645 -1
645 20 -1
160 645 -1
645 160 -1
200 645 -1
645 200 -1
200 663 -1
663 200 -1
210 645 -1
645 210 -1
211 645 -1
645 211 -1
220 645 -1
645 220 -1
220 663 -1
663 220 -1
230 645 -1
645 230 -1
255 645 -1
645 255 -1
325 645 -1
645 325 -1
350 645 -1
645 350 -1
433 645 -1
645 433 -1
436 645 -1
645 436 -1
451 645 -1
645 451 -1
600 645 -1
645 600 -1
640 645 -1
645 640 -1
645 651 -1
651 645 -1
645 652 -1
652 645 -1
645 670 -1
670 645 -1
645 692 -1
692 645 -1
645 694 -1
694 645 -1
645 696 -1
696 645 -1
645 698 -1
698 645 -1
645 770 -1
770 645 -1
645 771 -1
771 645 -1
645 900 -1
900 645 -1
663 666 -1
666 663 -1
625 651 -1
651 625 -1
645 740 -1
740 645 -1
2 20 -1
20 2 -1
2 630 -1
630 2 -1
2 645 -1
645 2 -1
200 645 -1
645 200 -1
220 645 -1
645 220 -1
211 490 -1
490 211 -1
220 490 -1
490 220 -1
305 345 -1
345 305 -1
310 345 -1
345 310 -1
450 451 -1
451 450 -1
500 517 -1
517 500 -1
640 645 -1
645 640 -1
645 666 -1
666 645 -1
645 690 -1
690 645 -1
710 713 -1
713 710 -1
731 732 -1
732 731 -1
750 770 -1
770 750 -1
771 775 -1
775 771 -1
130 135 -1
135 130 -1
91 93 -1
93 91 -1
