2 135 -1
135 2 -1
2 345 -1
345 2 -1
20 345 -1
345 20 -1
200 345 -1
345 200 -1
210 345 -1
345 210 -1
211 345 -1
345 211 -1
220 345 -1
345 220 -1
230 345 -1
345 230 -1
235 345 -1
345 235 -1
255 345 -1
345 255 -1
325 345 -1
345 325 -1
345 350 -1
350 345 -1
345 390 -1
390 345 -1
345 640 -1
640 345 -1
2 645 -1
645 2 -1
200 645 -1
645 200 -1
220 645 -1
645 220 -1
645 690 -1
690 645 -1
344 345 -1
345 344 -1
344 346 -1
346 344 -1
345 346 -1
346 345 -1
359 365 -1
365 359 -1
365 369 -1
369 365 -1
365 366 -1
366 365 -1
365 372 -1
372 365 -1
365 380 -1
380 365 -1
371 373 -1
373 371 -1
404 433 -1
433 404 -1
630 645 -1
645 630 -1
630 696 -1
696 630 -1
645 690 -1
690 645 -1
670 694 -1
694 670 -1
731 732 -1
732 731 -1
750 910 -1
910 750 -1
820 830 -1
830 820 -1
775 800 -1
800 775 -1
910 940 -1
940 910 -1
