2 345 -1
345 2 -1
200 345 -1
345 200 -1
210 345 -1
345 210 -1
211 345 -1
345 211 -1
220 345 -1
345 220 -1
230 345 -1
345 230 -1
255 345 -1
345 255 -1
325 345 -1
345 325 -1
345 350 -1
350 345 -1
345 360 -1
360 345 -1
2 645 -1
645 2 -1
200 645 -1
645 200 -1
220 645 -1
645 220 -1
365 645 -1
645 365 -1
645 670 -1
670 645 -1
645 690 -1
690 645 -1
344 345 -1
345 344 -1
344 346 -1
346 344 -1
345 346 -1
346 345 -1
365 372 -1
372 365 -1
365 373 -1
373 365 -1
365 640 -1
640 365 -1
371 373 -1
373 371 -1
371 630 -1
630 371 -1
371 640 -1
640 371 -1
2 645 -1
645 2 -1
200 645 -1
645 200 -1
220 645 -1
645 220 -1
645 690 -1
690 645 -1
750 770 -1
770 750 -1
91 92 -1
92 91 -1
80 90 -1
90 80 -1
2 41 -1
41 2 -1
20 41 -1
41 20 -1
41 160 -1
160 41 -1
41 200 -1
200 41 -1
41 210 -1
210 41 -1
41 220 -1
220 41 -1
710 731 -1
731 710 -1
2 731 -1
731 2 -1
731 732 -1
732 731 -1
2 731 -1
731 2 -1
731 732 -1
732 731 -1
710 713 -1
713 710 -1
710 816 -1
816 710 -1
211 490 -1
490 211 -1
352 640 -1
640 352 -1
352 640 -1
640 352 -1
365 740 -1
740 365 -1
339 345 -1
345 339 -1
220 344 -1
344 220 -1
359 365 -1
365 359 -1
365 710 -1
710 365 -1
365 700 -1
700 365 -1
700 701 -1
701 700 -1
700 702 -1
702 700 -1
700 703 -1
703 700 -1
700 704 -1
704 700 -1
700 705 -1
705 700 -1
339 343 -1
343 339 -1
452 461 -1
461 452 -1
436 483 -1
483 436 -1
484 490 -1
490 484 -1
630 645 -1
645 630 -1
630 651 -1
651 630 -1
910 940 -1
940 910 -1
437 475 -1
475 437 -1
290 365 -1
365 290 -1
660 666 -1
666 660 -1
652 666 -1
666 652 -1
345 640 -1
640 345 -1
625 651 -1
651 625 -1
2 645 -1
645 2 -1
432 436 -1
436 432 -1
344 345 -1
345 344 -1
344 346 -1
346 344 -1
