2 345 -1
345 2 -1
200 345 -1
345 200 -1
210 345 -1
345 210 -1
211 345 -1
345 211 -1
220 345 -1
345 220 -1
230 345 -1
345 230 -1
255 345 -1
345 255 -1
325 345 -1
345 325 -1
345 350 -1
350 345 -1
344 346 -1
346 344 -1
371 373 -1
373 371 -1
645 690 -1
690 645 -1
800 811 -1
811 800 -1
750 770 -1
770 750 -1
2 41 -1
41 2 -1
20 41 -1
41 20 -1
41 42 -1
42 41 -1
41 160 -1
160 41 -1
41 200 -1
200 41 -1
41 210 -1
210 41 -1
41 220 -1
220 41 -1
2 731 -1
731 2 -1
20 731 -1
731 20 -1
731 732 -1
732 731 -1
731 740 -1
740 731 -1
731 900 -1
900 731 -1
713 840 -1
840 713 -1
710 816 -1
816 710 -1
710 713 -1
713 710 -1
350 640 -1
640 350 -1
339 350 -1
350 339 -1
365 740 -1
740 365 -1
339 345 -1
345 339 -1
2 345 -1
345 2 -1
343 345 -1
345 343 -1
365 369 -1
369 365 -1
365 700 -1
700 365 -1
700 702 -1
702 700 -1
365 700 -1
700 365 -1
2 710 -1
710 2 -1
710 732 -1
732 710 -1
490 540 -1
540 490 -1
500 625 -1
625 500 -1
530 625 -1
625 530 -1
531 625 -1
625 531 -1
352 640 -1
640 352 -1
365 367 -1
367 365 -1
365 710 -1
710 365 -1
630 645 -1
645 630 -1
670 679 -1
679 670 -1
452 461 -1
461 452 -1
471 475 -1
475 471 -1
93 100 -1
100 93 -1
560 570 -1
570 560 -1
483 620 -1
620 483 -1
541 572 -1
572 541 -1
660 666 -1
666 660 -1
652 666 -1
666 652 -1
652 666 -1
666 652 -1
100 101 -1
101 100 -1
560 570 -1
570 560 -1
2 645 -1
645 2 -1
200 645 -1
645 200 -1
220 645 -1
645 220 -1
645 690 -1
690 645 -1
645 692 -1
692 645 -1
645 696 -1
696 645 -1
645 698 -1
698 645 -1
371 630 -1
630 371 -1
625 651 -1
651 625 -1
490 551 -1
551 490 -1
713 816 -1
816 713 -1
310 345 -1
345 310 -1
345 346 -1
346 345 -1
344 346 -1
346 344 -1
