2 345 -1
345 2 -1
200 345 -1
345 200 -1
210 345 -1
345 210 -1
211 345 -1
345 211 -1
220 345 -1
345 220 -1
230 345 -1
345 230 -1
255 345 -1
345 255 -1
325 345 -1
345 325 -1
345 350 -1
350 345 -1
371 373 -1
373 371 -1
800 811 -1
811 800 -1
775 800 -1
800 775 -1
750 770 -1
770 750 -1
800 816 -1
816 800 -1
100 101 -1
101 100 -1
91 93 -1
93 91 -1
91 93 -1
93 91 -1
130 135 -1
135 130 -1
80 90 -1
90 80 -1
710 731 -1
731 710 -1
710 713 -1
713 710 -1
2 731 -1
731 2 -1
731 732 -1
732 731 -1
731 740 -1
740 731 -1
710 840 -1
840 710 -1
20 230 -1
230 20 -1
350 640 -1
640 350 -1
365 740 -1
740 365 -1
339 345 -1
345 339 -1
365 700 -1
700 365 -1
713 816 -1
816 713 -1
710 740 -1
740 710 -1
2 710 -1
710 2 -1
710 713 -1
713 710 -1
475 483 -1
483 475 -1
500 625 -1
625 500 -1
530 625 -1
625 530 -1
522 531 -1
531 522 -1
500 501 -1
501 500 -1
500 501 -1
501 500 -1
350 640 -1
640 350 -1
352 640 -1
640 352 -1
344 345 -1
345 344 -1
310 344 -1
344 310 -1
310 345 -1
345 310 -1
365 368 -1
368 365 -1
670 679 -1
679 670 -1
510 516 -1
516 510 -1
531 679 -1
679 531 -1
625 651 -1
651 625 -1
130 135 -1
135 130 -1
93 94 -1
94 93 -1
640 645 -1
645 640 -1
630 700 -1
700 630 -1
471 475 -1
475 471 -1
484 540 -1
540 484 -1
660 666 -1
666 660 -1
652 666 -1
666 652 -1
652 666 -1
666 652 -1
2 645 -1
645 2 -1
645 690 -1
690 645 -1
670 694 -1
694 670 -1
371 373 -1
373 371 -1
