2 345 -1
345 2 -1
200 345 -1
345 200 -1
210 345 -1
345 210 -1
211 345 -1
345 211 -1
220 345 -1
345 220 -1
230 345 -1
345 230 -1
255 345 -1
345 255 -1
325 345 -1
345 325 -1
345 350 -1
350 345 -1
800 811 -1
811 800 -1
775 800 -1
800 775 -1
811 816 -1
816 811 -1
750 771 -1
771 750 -1
750 771 -1
771 750 -1
750 770 -1
770 750 -1
2 731 -1
731 2 -1
731 732 -1
732 731 -1
731 740 -1
740 731 -1
713 740 -1
740 713 -1
710 840 -1
840 710 -1
710 740 -1
740 710 -1
710 850 -1
850 710 -1
2 710 -1
710 2 -1
710 713 -1
713 710 -1
910 940 -1
940 910 -1
500 625 -1
625 500 -1
530 625 -1
625 530 -1
522 531 -1
531 522 -1
355 705 -1
705 355 -1
350 640 -1
640 350 -1
350 640 -1
640 350 -1
352 640 -1
640 352 -1
365 369 -1
369 365 -1
372 373 -1
373 372 -1
531 679 -1
679 531 -1
490 517 -1
517 490 -1
531 625 -1
625 531 -1
732 740 -1
740 732 -1
130 135 -1
135 130 -1
155 200 -1
200 155 -1
52 101 -1
101 52 -1
471 475 -1
475 471 -1
490 500 -1
500 490 -1
365 640 -1
640 365 -1
660 666 -1
666 660 -1
652 666 -1
666 652 -1
652 666 -1
666 652 -1
2 652 -1
652 2 -1
640 652 -1
652 640 -1
630 640 -1
640 630 -1
630 645 -1
645 630 -1
2 40 -1
40 2 -1
640 645 -1
645 640 -1
344 346 -1
346 344 -1
2 645 -1
645 2 -1
200 645 -1
645 200 -1
645 690 -1
690 645 -1
645 690 -1
690 645 -1
625 651 -1
651 625 -1
365 740 -1
740 365 -1
437 438 -1
438 437 -1
371 373 -1
373 371 -1
371 373 -1
373 371 -1
