750 770 -1
770 750 -1
2 731 -1
731 2 -1
731 732 -1
732 731 -1
731 740 -1
740 731 -1
710 840 -1
840 710 -1
500 625 -1
625 500 -1
710 731 -1
731 710 -1
339 350 -1
350 339 -1
350 640 -1
640 350 -1
352 640 -1
640 352 -1
365 372 -1
372 365 -1
339 343 -1
343 339 -1
290 365 -1
365 290 -1
360 369 -1
369 360 -1
565 571 -1
571 565 -1
490 517 -1
517 490 -1
510 516 -1
516 510 -1
531 625 -1
625 531 -1
530 625 -1
625 530 -1
531 679 -1
679 531 -1
800 811 -1
811 800 -1
339 345 -1
345 339 -1
130 135 -1
135 130 -1
80 90 -1
90 80 -1
52 101 -1
101 52 -1
471 475 -1
475 471 -1
91 93 -1
93 91 -1
100 101 -1
101 100 -1
2 365 -1
365 2 -1
365 700 -1
700 365 -1
700 702 -1
702 700 -1
700 703 -1
703 700 -1
700 704 -1
704 700 -1
660 666 -1
666 660 -1
652 666 -1
666 652 -1
2 20 -1
20 2 -1
630 645 -1
645 630 -1
350 640 -1
640 350 -1
670 679 -1
679 670 -1
630 645 -1
645 630 -1
640 645 -1
645 640 -1
2 630 -1
630 2 -1
731 740 -1
740 731 -1
344 345 -1
345 344 -1
490 540 -1
540 490 -1
484 490 -1
490 484 -1
484 540 -1
540 484 -1
500 501 -1
501 500 -1
438 451 -1
451 438 -1
451 452 -1
452 451 -1
451 475 -1
475 451 -1
645 690 -1
690 645 -1
2 645 -1
645 2 -1
200 645 -1
645 200 -1
645 690 -1
690 645 -1
500 625 -1
625 500 -1
640 652 -1
652 640 -1
371 373 -1
373 371 -1
350 640 -1
640 350 -1
630 640 -1
640 630 -1
