750 770 -1
770 750 -1
2 731 -1
731 2 -1
731 732 -1
732 731 -1
731 740 -1
740 731 -1
350 640 -1
640 350 -1
352 640 -1
640 352 -1
365 367 -1
367 365 -1
565 571 -1
571 565 -1
531 625 -1
625 531 -1
710 840 -1
840 710 -1
800 811 -1
811 800 -1
2 345 -1
345 2 -1
20 345 -1
345 20 -1
200 345 -1
345 200 -1
210 345 -1
345 210 -1
211 345 -1
345 211 -1
212 345 -1
345 212 -1
220 345 -1
345 220 -1
230 345 -1
345 230 -1
235 345 -1
345 235 -1
255 345 -1
345 255 -1
325 345 -1
345 325 -1
339 345 -1
345 339 -1
343 345 -1
345 343 -1
345 350 -1
350 345 -1
345 365 -1
365 345 -1
345 368 -1
368 345 -1
345 385 -1
385 345 -1
345 390 -1
390 345 -1
345 395 -1
395 345 -1
345 640 -1
640 345 -1
93 94 -1
94 93 -1
630 700 -1
700 630 -1
371 373 -1
373 371 -1
660 666 -1
666 660 -1
652 666 -1
666 652 -1
522 531 -1
531 522 -1
130 135 -1
135 130 -1
350 640 -1
640 350 -1
670 679 -1
679 670 -1
630 645 -1
645 630 -1
640 645 -1
645 640 -1
2 625 -1
625 2 -1
2 700 -1
700 2 -1
365 700 -1
700 365 -1
700 702 -1
702 700 -1
700 704 -1
704 700 -1
500 625 -1
625 500 -1
471 475 -1
475 471 -1
438 451 -1
451 438 -1
451 475 -1
475 451 -1
2 450 -1
450 2 -1
450 475 -1
475 450 -1
530 531 -1
531 530 -1
2 645 -1
645 2 -1
200 645 -1
645 200 -1
645 666 -1
666 645 -1
645 690 -1
690 645 -1
640 652 -1
652 640 -1
365 385 -1
385 365 -1
710 816 -1
816 710 -1
816 840 -1
840 816 -1
483 500 -1
500 483 -1
483 517 -1
517 483 -1
490 500 -1
500 490 -1
490 517 -1
517 490 -1
500 552 -1
552 500 -1
500 565 -1
565 500 -1
517 552 -1
552 517 -1
517 565 -1
565 517 -1
500 540 -1
540 500 -1
517 540 -1
540 517 -1
