750 770 -1
770 750 -1
2 731 -1
731 2 -1
731 732 -1
732 731 -1
731 740 -1
740 731 -1
2 710 -1
710 2 -1
710 713 -1
713 710 -1
350 640 -1
640 350 -1
352 640 -1
640 352 -1
531 625 -1
625 531 -1
2 731 -1
731 2 -1
731 732 -1
732 731 -1
732 740 -1
740 732 -1
710 840 -1
840 710 -1
350 640 -1
640 350 -1
2 345 -1
345 2 -1
20 345 -1
345 20 -1
200 345 -1
345 200 -1
210 345 -1
345 210 -1
211 345 -1
345 211 -1
212 345 -1
345 212 -1
220 345 -1
345 220 -1
230 345 -1
345 230 -1
235 345 -1
345 235 -1
255 345 -1
345 255 -1
290 345 -1
345 290 -1
310 345 -1
345 310 -1
316 345 -1
345 316 -1
325 345 -1
345 325 -1
339 345 -1
345 339 -1
343 345 -1
345 343 -1
345 350 -1
350 345 -1
345 385 -1
385 345 -1
345 390 -1
390 345 -1
345 395 -1
395 345 -1
345 640 -1
640 345 -1
775 800 -1
800 775 -1
91 93 -1
93 91 -1
52 101 -1
101 52 -1
630 700 -1
700 630 -1
371 373 -1
373 371 -1
703 704 -1
704 703 -1
702 704 -1
704 702 -1
710 740 -1
740 710 -1
660 666 -1
666 660 -1
652 666 -1
666 652 -1
501 530 -1
530 501 -1
531 679 -1
679 531 -1
365 700 -1
700 365 -1
640 645 -1
645 640 -1
640 645 -1
645 640 -1
365 372 -1
372 365 -1
645 690 -1
690 645 -1
750 770 -1
770 750 -1
731 740 -1
740 731 -1
500 625 -1
625 500 -1
500 517 -1
517 500 -1
450 451 -1
451 450 -1
450 475 -1
475 450 -1
530 531 -1
531 530 -1
101 110 -1
110 101 -1
850 900 -1
900 850 -1
2 645 -1
645 2 -1
200 645 -1
645 200 -1
210 645 -1
645 210 -1
220 645 -1
645 220 -1
255 645 -1
645 255 -1
325 645 -1
645 325 -1
350 645 -1
645 350 -1
640 645 -1
645 640 -1
645 651 -1
651 645 -1
645 663 -1
663 645 -1
645 670 -1
670 645 -1
645 690 -1
690 645 -1
645 696 -1
696 645 -1
645 690 -1
690 645 -1
630 640 -1
640 630 -1
630 645 -1
645 630 -1
438 450 -1
450 438 -1
731 740 -1
740 731 -1
816 840 -1
840 816 -1
200 365 -1
365 200 -1
365 385 -1
385 365 -1
365 373 -1
373 365 -1
483 500 -1
500 483 -1
483 517 -1
517 483 -1
490 500 -1
500 490 -1
490 517 -1
517 490 -1
500 552 -1
552 500 -1
500 565 -1
565 500 -1
517 552 -1
552 517 -1
517 565 -1
565 517 -1
500 540 -1
540 500 -1
517 540 -1
540 517 -1
2 365 -1
365 2 -1
20 365 -1
365 20 -1
200 365 -1
365 200 -1
210 365 -1
365 210 -1
211 365 -1
365 211 -1
220 365 -1
365 220 -1
230 365 -1
365 230 -1
235 365 -1
365 235 -1
255 365 -1
365 255 -1
325 365 -1
365 325 -1
365 385 -1
385 365 -1
365 390 -1
390 365 -1
365 640 -1
640 365 -1
365 640 -1
640 365 -1
