2 710 -1
710 2 -1
710 713 -1
713 710 -1
350 640 -1
640 350 -1
352 640 -1
640 352 -1
710 840 -1
840 710 -1
91 93 -1
93 91 -1
91 93 -1
93 91 -1
80 90 -1
90 80 -1
80 90 -1
90 80 -1
110 115 -1
115 110 -1
110 115 -1
115 110 -1
660 666 -1
666 660 -1
652 666 -1
666 652 -1
652 666 -1
666 652 -1
2 345 -1
345 2 -1
20 345 -1
345 20 -1
160 345 -1
345 160 -1
200 345 -1
345 200 -1
210 345 -1
345 210 -1
211 345 -1
345 211 -1
212 345 -1
345 212 -1
220 345 -1
345 220 -1
230 345 -1
345 230 -1
235 345 -1
345 235 -1
255 345 -1
345 255 -1
290 345 -1
345 290 -1
310 345 -1
345 310 -1
316 345 -1
345 316 -1
325 345 -1
345 325 -1
345 350 -1
350 345 -1
345 360 -1
360 345 -1
345 385 -1
385 345 -1
345 390 -1
390 345 -1
345 395 -1
395 345 -1
345 640 -1
640 345 -1
2 365 -1
365 2 -1
20 365 -1
365 20 -1
365 700 -1
700 365 -1
700 704 -1
704 700 -1
350 640 -1
640 350 -1
365 372 -1
372 365 -1
2 365 -1
365 2 -1
368 411 -1
411 368 -1
2 731 -1
731 2 -1
731 732 -1
732 731 -1
2 365 -1
365 2 -1
365 640 -1
640 365 -1
371 640 -1
640 371 -1
365 740 -1
740 365 -1
750 770 -1
770 750 -1
339 345 -1
345 339 -1
371 373 -1
373 371 -1
840 986 -1
986 840 -1
500 517 -1
517 500 -1
438 450 -1
450 438 -1
530 531 -1
531 530 -1
2 101 -1
101 2 -1
100 101 -1
101 100 -1
2 645 -1
645 2 -1
200 645 -1
645 200 -1
645 670 -1
670 645 -1
645 690 -1
690 645 -1
20 345 -1
345 20 -1
200 345 -1
345 200 -1
2 345 -1
345 2 -1
344 345 -1
345 344 -1
434 436 -1
434 475 -1
436 434 -1
475 434 -1
640 645 -1
645 640 -1
490 500 -1
500 490 -1
490 517 -1
517 490 -1
500 552 -1
552 500 -1
500 565 -1
565 500 -1
517 552 -1
552 517 -1
517 565 -1
565 517 -1
500 540 -1
540 500 -1
517 540 -1
540 517 -1
2 345 -1
345 2 -1
20 345 -1
345 20 -1
160 345 -1
345 160 -1
200 345 -1
345 200 -1
205 345 -1
345 205 -1
210 345 -1
345 210 -1
211 345 -1
345 211 -1
212 345 -1
345 212 -1
220 345 -1
345 220 -1
225 345 -1
345 225 -1
230 345 -1
345 230 -1
235 345 -1
345 235 -1
255 345 -1
345 255 -1
290 345 -1
345 290 -1
305 345 -1
345 305 -1
310 345 -1
345 310 -1
316 345 -1
345 316 -1
317 345 -1
345 317 -1
325 345 -1
345 325 -1
345 349 -1
349 345 -1
345 350 -1
350 345 -1
345 355 -1
355 345 -1
345 365 -1
365 345 -1
345 366 -1
366 345 -1
345 368 -1
368 345 -1
345 369 -1
369 345 -1
345 372 -1
372 345 -1
345 373 -1
373 345 -1
345 375 -1
375 345 -1
345 380 -1
380 345 -1
345 385 -1
385 345 -1
345 390 -1
390 345 -1
345 395 -1
395 345 -1
345 600 -1
600 345 -1
345 640 -1
640 345 -1
345 663 -1
663 345 -1
345 696 -1
696 345 -1
