350 640 -1
640 350 -1
352 640 -1
640 352 -1
80 90 -1
90 80 -1
660 666 -1
666 660 -1
652 666 -1
666 652 -1
652 666 -1
666 652 -1
365 700 -1
700 365 -1
365 372 -1
372 365 -1
350 640 -1
640 350 -1
371 373 -1
373 371 -1
371 373 -1
373 371 -1
365 385 -1
385 365 -1
365 740 -1
740 365 -1
368 370 -1
370 368 -1
365 372 -1
372 365 -1
438 450 -1
450 438 -1
91 93 -1
93 91 -1
93 100 -1
100 93 -1
731 740 -1
740 731 -1
2 645 -1
645 2 -1
200 645 -1
645 200 -1
645 670 -1
670 645 -1
645 690 -1
690 645 -1
750 770 -1
770 750 -1
305 710 -1
710 305 -1
710 900 -1
900 710 -1
710 840 -1
840 710 -1
2 710 -1
710 2 -1
2 710 -1
710 2 -1
710 713 -1
713 710 -1
731 732 -1
732 731 -1
2 700 -1
700 2 -1
20 700 -1
700 20 -1
200 700 -1
700 200 -1
210 700 -1
700 210 -1
220 700 -1
700 220 -1
230 700 -1
700 230 -1
235 700 -1
700 235 -1
255 700 -1
700 255 -1
350 700 -1
700 350 -1
365 700 -1
700 365 -1
640 700 -1
700 640 -1
700 702 -1
702 700 -1
700 704 -1
704 700 -1
700 770 -1
770 700 -1
700 900 -1
900 700 -1
482 483 -1
483 482 -1
630 640 -1
640 630 -1
385 900 -1
900 385 -1
438 451 -1
451 438 -1
450 451 -1
451 450 -1
540 551 -1
551 540 -1
500 625 -1
625 500 -1
471 482 -1
482 471 -1
500 517 -1
517 500 -1
750 771 -1
771 750 -1
775 800 -1
800 775 -1
373 630 -1
630 373 -1
350 640 -1
640 350 -1
640 645 -1
645 640 -1
640 645 -1
645 640 -1
2 710 -1
710 2 -1
490 500 -1
500 490 -1
490 517 -1
517 490 -1
500 552 -1
552 500 -1
500 565 -1
565 500 -1
517 552 -1
552 517 -1
517 565 -1
565 517 -1
500 540 -1
540 500 -1
517 540 -1
540 517 -1
