660 666 -1
666 660 -1
365 372 -1
372 365 -1
2 645 -1
645 2 -1
200 645 -1
645 200 -1
645 690 -1
690 645 -1
645 666 -1
666 645 -1
750 770 -1
770 750 -1
731 732 -1
732 731 -1
350 640 -1
640 350 -1
640 645 -1
645 640 -1
520 530 -1
530 520 -1
501 530 -1
530 501 -1
490 517 -1
517 490 -1
450 451 -1
451 450 -1
531 625 -1
625 531 -1
500 501 -1
501 500 -1
420 433 -1
433 420 -1
230 600 -1
600 230 -1
510 516 -1
516 510 -1
200 552 -1
552 200 -1
530 531 -1
531 530 -1
490 517 -1
517 490 -1
490 540 -1
540 490 -1
437 450 -1
450 437 -1
490 620 -1
620 490 -1
373 630 -1
630 373 -1
350 640 -1
640 350 -1
352 640 -1
640 352 -1
365 373 -1
373 365 -1
339 343 -1
343 339 -1
344 349 -1
349 344 -1
371 373 -1
373 371 -1
350 640 -1
640 350 -1
710 713 -1
713 710 -1
710 740 -1
740 710 -1
710 816 -1
816 710 -1
710 732 -1
732 710 -1
710 840 -1
840 710 -1
731 740 -1
740 731 -1
2 710 -1
710 2 -1
2 731 -1
731 2 -1
230 731 -1
731 230 -1
160 365 -1
365 160 -1
666 670 -1
670 666 -1
630 645 -1
645 630 -1
2 770 -1
770 2 -1
700 770 -1
770 700 -1
775 800 -1
800 775 -1
750 771 -1
771 750 -1
750 771 -1
771 750 -1
