660 666 -1
666 660 -1
365 372 -1
372 365 -1
2 645 -1
645 2 -1
200 645 -1
645 200 -1
290 645 -1
645 290 -1
645 692 -1
692 645 -1
645 694 -1
694 645 -1
645 698 -1
698 645 -1
645 900 -1
900 645 -1
645 690 -1
690 645 -1
210 645 -1
645 210 -1
645 670 -1
670 645 -1
645 696 -1
696 645 -1
750 770 -1
770 750 -1
731 732 -1
732 731 -1
350 640 -1
640 350 -1
640 645 -1
645 640 -1
490 517 -1
517 490 -1
500 517 -1
517 500 -1
437 450 -1
450 437 -1
365 625 -1
625 365 -1
432 615 -1
615 432 -1
530 531 -1
531 530 -1
501 530 -1
530 501 -1
432 435 -1
435 432 -1
371 373 -1
373 371 -1
365 372 -1
372 365 -1
365 390 -1
390 365 -1
373 630 -1
630 373 -1
359 369 -1
369 359 -1
365 372 -1
372 365 -1
850 910 -1
910 850 -1
840 850 -1
850 840 -1
713 740 -1
740 713 -1
2 731 -1
731 2 -1
731 740 -1
740 731 -1
710 740 -1
740 710 -1
710 750 -1
750 710 -1
230 732 -1
732 230 -1
2 850 -1
850 2 -1
713 840 -1
840 713 -1
710 713 -1
713 710 -1
710 731 -1
731 710 -1
710 816 -1
816 710 -1
100 101 -1
101 100 -1
135 140 -1
140 135 -1
630 645 -1
645 630 -1
652 666 -1
666 652 -1
2 630 -1
630 2 -1
200 630 -1
630 200 -1
645 666 -1
666 645 -1
630 645 -1
645 630 -1
225 666 -1
666 225 -1
2 640 -1
640 2 -1
652 666 -1
666 652 -1
700 770 -1
770 700 -1
750 771 -1
771 750 -1
820 830 -1
830 820 -1
775 800 -1
800 775 -1
775 800 -1
800 775 -1
