660 666 -1
666 660 -1
365 372 -1
372 365 -1
731 732 -1
732 731 -1
516 517 -1
517 516 -1
490 516 -1
516 490 -1
490 517 -1
517 490 -1
220 625 -1
625 220 -1
483 625 -1
625 483 -1
490 551 -1
551 490 -1
501 530 -1
530 501 -1
531 625 -1
625 531 -1
2 437 -1
437 2 -1
220 437 -1
437 220 -1
500 517 -1
517 500 -1
371 373 -1
373 371 -1
359 369 -1
369 359 -1
702 704 -1
704 702 -1
365 372 -1
372 365 -1
350 640 -1
640 350 -1
710 740 -1
740 710 -1
710 713 -1
713 710 -1
2 731 -1
731 2 -1
710 731 -1
731 710 -1
710 740 -1
740 710 -1
41 42 -1
42 41 -1
2 652 -1
652 2 -1
2 630 -1
630 2 -1
640 652 -1
652 640 -1
630 696 -1
696 630 -1
630 694 -1
694 630 -1
630 645 -1
645 630 -1
2 630 -1
630 2 -1
630 640 -1
640 630 -1
651 666 -1
666 651 -1
20 390 -1
390 20 -1
700 770 -1
770 700 -1
750 771 -1
771 750 -1
800 820 -1
820 800 -1
800 850 -1
850 800 -1
750 770 -1
770 750 -1
775 800 -1
800 775 -1
750 790 -1
790 750 -1
775 800 -1
800 775 -1
750 775 -1
775 750 -1
