660 666 -1
666 660 -1
365 372 -1
372 365 -1
501 520 -1
520 501 -1
501 530 -1
530 501 -1
530 531 -1
531 530 -1
520 530 -1
530 520 -1
490 540 -1
540 490 -1
452 461 -1
461 452 -1
531 679 -1
679 531 -1
471 475 -1
475 471 -1
490 500 -1
500 490 -1
220 437 -1
437 220 -1
530 531 -1
531 530 -1
483 625 -1
625 483 -1
371 373 -1
373 371 -1
350 640 -1
640 350 -1
365 372 -1
372 365 -1
365 369 -1
369 365 -1
702 703 -1
703 702 -1
702 704 -1
704 702 -1
703 704 -1
704 703 -1
365 385 -1
385 365 -1
703 704 -1
704 703 -1
732 740 -1
740 732 -1
710 713 -1
713 710 -1
713 740 -1
740 713 -1
344 850 -1
850 344 -1
710 740 -1
740 710 -1
731 732 -1
732 731 -1
710 760 -1
760 710 -1
100 130 -1
130 100 -1
630 645 -1
645 630 -1
2 630 -1
630 2 -1
2 652 -1
652 2 -1
645 652 -1
652 645 -1
640 645 -1
645 640 -1
630 645 -1
645 630 -1
670 679 -1
679 670 -1
20 235 -1
235 20 -1
20 390 -1
390 20 -1
700 770 -1
770 700 -1
750 771 -1
771 750 -1
750 790 -1
790 750 -1
775 800 -1
800 775 -1
750 770 -1
770 750 -1
820 850 -1
850 820 -1
2 770 -1
770 2 -1
800 811 -1
811 800 -1
800 820 -1
820 800 -1
2 770 -1
770 2 -1
