660 666 -1
666 660 -1
483 625 -1
625 483 -1
501 530 -1
530 501 -1
490 500 -1
500 490 -1
520 530 -1
530 520 -1
516 517 -1
517 516 -1
530 531 -1
531 530 -1
483 625 -1
625 483 -1
501 520 -1
520 501 -1
371 373 -1
373 371 -1
365 372 -1
372 365 -1
350 640 -1
640 350 -1
703 704 -1
704 703 -1
702 704 -1
704 702 -1
371 640 -1
640 371 -1
365 740 -1
740 365 -1
732 740 -1
740 732 -1
365 740 -1
740 365 -1
100 130 -1
130 100 -1
100 101 -1
101 100 -1
651 666 -1
666 651 -1
652 666 -1
666 652 -1
660 666 -1
666 660 -1
630 645 -1
645 630 -1
750 771 -1
771 750 -1
2 770 -1
770 2 -1
800 820 -1
820 800 -1
700 770 -1
770 700 -1
775 800 -1
800 775 -1
2 770 -1
770 2 -1
700 770 -1
770 700 -1
