483 625 -1
625 483 -1
490 500 -1
500 490 -1
490 516 -1
516 490 -1
530 531 -1
531 530 -1
483 625 -1
625 483 -1
371 373 -1
373 371 -1
350 640 -1
640 350 -1
365 372 -1
372 365 -1
365 375 -1
375 365 -1
710 713 -1
713 710 -1
710 740 -1
740 710 -1
731 732 -1
732 731 -1
100 130 -1
130 100 -1
660 666 -1
666 660 -1
2 630 -1
630 2 -1
630 645 -1
645 630 -1
640 645 -1
645 640 -1
2 630 -1
630 2 -1
652 666 -1
666 652 -1
750 771 -1
771 750 -1
2 770 -1
770 2 -1
700 770 -1
770 700 -1
2 770 -1
770 2 -1
630 700 -1
700 630 -1
775 800 -1
800 775 -1
710 750 -1
750 710 -1
