483 625 -1
625 483 -1
520 530 -1
530 520 -1
2 520 -1
520 2 -1
522 531 -1
531 522 -1
530 625 -1
625 530 -1
501 520 -1
520 501 -1
520 530 -1
530 520 -1
371 373 -1
373 371 -1
365 372 -1
372 365 -1
365 375 -1
375 365 -1
365 369 -1
369 365 -1
355 640 -1
640 355 -1
365 385 -1
385 365 -1
365 740 -1
740 365 -1
731 732 -1
732 731 -1
713 740 -1
740 713 -1
100 130 -1
130 100 -1
100 101 -1
101 100 -1
660 666 -1
666 660 -1
630 645 -1
645 630 -1
640 645 -1
645 640 -1
2 652 -1
652 2 -1
2 630 -1
630 2 -1
2 770 -1
770 2 -1
2 770 -1
770 2 -1
750 771 -1
771 750 -1
630 700 -1
700 630 -1
700 770 -1
770 700 -1
750 770 -1
770 750 -1
820 850 -1
850 820 -1
750 780 -1
780 750 -1
800 811 -1
811 800 -1
850 910 -1
910 850 -1
750 771 -1
771 750 -1
771 775 -1
775 771 -1
750 771 -1
771 750 -1
