520 530 -1
530 520 -1
490 540 -1
540 490 -1
483 625 -1
625 483 -1
501 520 -1
520 501 -1
371 373 -1
373 371 -1
365 372 -1
372 365 -1
359 369 -1
369 359 -1
731 732 -1
732 731 -1
365 740 -1
740 365 -1
365 710 -1
710 365 -1
2 710 -1
710 2 -1
710 750 -1
750 710 -1
100 130 -1
130 100 -1
100 101 -1
101 100 -1
660 666 -1
666 660 -1
630 645 -1
645 630 -1
640 645 -1
645 640 -1
220 666 -1
666 220 -1
2 630 -1
630 2 -1
630 645 -1
645 630 -1
651 666 -1
666 651 -1
660 666 -1
666 660 -1
630 645 -1
645 630 -1
2 770 -1
770 2 -1
2 770 -1
770 2 -1
750 770 -1
770 750 -1
800 811 -1
811 800 -1
771 775 -1
775 771 -1
750 771 -1
771 750 -1
630 700 -1
700 630 -1
775 800 -1
800 775 -1
771 775 -1
775 771 -1
630 770 -1
770 630 -1
