520 530 -1
530 520 -1
530 531 -1
531 530 -1
500 517 -1
517 500 -1
531 679 -1
679 531 -1
500 501 -1
501 500 -1
371 373 -1
373 371 -1
365 372 -1
372 365 -1
703 704 -1
704 703 -1
350 640 -1
640 350 -1
2 731 -1
731 2 -1
731 732 -1
732 731 -1
710 816 -1
816 710 -1
710 740 -1
740 710 -1
710 731 -1
731 710 -1
710 740 -1
740 710 -1
713 740 -1
740 713 -1
710 732 -1
732 710 -1
2 101 -1
101 2 -1
100 101 -1
101 100 -1
93 94 -1
94 93 -1
660 666 -1
666 660 -1
630 645 -1
645 630 -1
630 645 -1
645 630 -1
630 666 -1
666 630 -1
2 770 -1
770 2 -1
750 770 -1
770 750 -1
800 811 -1
811 800 -1
750 771 -1
771 750 -1
2 770 -1
770 2 -1
630 700 -1
700 630 -1
