2 630 -1
630 2 -1
51 91 -1
91 51 -1
220 437 -1
437 220 -1
220 437 -1
437 220 -1
345 347 -1
347 345 -1
350 640 -1
640 350 -1
352 640 -1
640 352 -1
640 666 -1
666 640 -1
365 372 -1
372 365 -1
640 645 -1
645 640 -1
700 770 -1
770 700 -1
2 770 -1
770 2 -1
373 630 -1
630 373 -1
471 482 -1
482 471 -1
501 520 -1
520 501 -1
520 530 -1
530 520 -1
625 626 -1
626 625 -1
625 666 -1
666 625 -1
625 666 -1
666 625 -1
630 645 -1
645 630 -1
630 700 -1
700 630 -1
651 666 -1
666 651 -1
200 365 -1
365 200 -1
365 390 -1
390 365 -1
2 365 -1
365 2 -1
365 375 -1
375 365 -1
365 385 -1
385 365 -1
20 365 -1
365 20 -1
365 385 -1
385 365 -1
365 740 -1
740 365 -1
365 732 -1
732 365 -1
368 620 -1
620 368 -1
317 620 -1
620 317 -1
620 694 -1
694 620 -1
390 620 -1
620 390 -1
349 620 -1
620 349 -1
212 620 -1
620 212 -1
380 620 -1
620 380 -1
255 620 -1
620 255 -1
360 620 -1
620 360 -1
316 620 -1
620 316 -1
325 620 -1
620 325 -1
341 620 -1
620 341 -1
20 620 -1
620 20 -1
235 620 -1
620 235 -1
210 620 -1
620 210 -1
339 620 -1
620 339 -1
344 620 -1
620 344 -1
310 620 -1
620 310 -1
290 620 -1
620 290 -1
620 663 -1
663 620 -1
230 620 -1
620 230 -1
2 620 -1
620 2 -1
366 620 -1
620 366 -1
385 620 -1
620 385 -1
350 620 -1
620 350 -1
620 696 -1
696 620 -1
395 620 -1
620 395 -1
211 620 -1
620 211 -1
355 620 -1
620 355 -1
200 620 -1
620 200 -1
367 620 -1
620 367 -1
620 640 -1
640 620 -1
220 620 -1
620 220 -1
616 620 -1
620 616 -1
652 666 -1
666 652 -1
652 660 -1
660 652 -1
640 652 -1
652 640 -1
2 710 -1
710 2 -1
710 713 -1
713 710 -1
710 816 -1
816 710 -1
710 840 -1
840 710 -1
702 704 -1
704 702 -1
750 771 -1
771 750 -1
771 775 -1
775 771 -1
775 800 -1
800 775 -1
732 740 -1
740 732 -1
