2 630 -1
630 2 -1
2 630 -1
630 2 -1
160 200 -1
200 160 -1
160 452 -1
452 160 -1
200 230 -1
230 200 -1
325 750 -1
750 325 -1
350 640 -1
640 350 -1
350 640 -1
640 350 -1
365 372 -1
372 365 -1
640 645 -1
645 640 -1
700 770 -1
770 700 -1
365 710 -1
710 365 -1
490 517 -1
517 490 -1
530 531 -1
531 530 -1
625 626 -1
626 625 -1
625 666 -1
666 625 -1
630 640 -1
640 630 -1
630 670 -1
670 630 -1
630 700 -1
700 630 -1
630 770 -1
770 630 -1
640 666 -1
666 640 -1
365 390 -1
390 365 -1
365 385 -1
385 365 -1
211 365 -1
365 211 -1
365 368 -1
368 365 -1
255 365 -1
365 255 -1
365 385 -1
385 365 -1
365 390 -1
390 365 -1
365 740 -1
740 365 -1
365 732 -1
732 365 -1
652 666 -1
666 652 -1
652 663 -1
663 652 -1
652 660 -1
660 652 -1
640 652 -1
652 640 -1
645 652 -1
652 645 -1
2 652 -1
652 2 -1
710 816 -1
816 710 -1
710 840 -1
840 710 -1
713 740 -1
740 713 -1
702 704 -1
704 702 -1
750 771 -1
771 750 -1
703 704 -1
704 703 -1
731 732 -1
732 731 -1
731 740 -1
740 731 -1
732 740 -1
740 732 -1
