2 630 -1
630 2 -1
2 710 -1
710 2 -1
95 130 -1
130 95 -1
95 731 -1
731 95 -1
100 365 -1
365 100 -1
101 110 -1
110 101 -1
200 230 -1
230 200 -1
345 347 -1
347 345 -1
350 640 -1
640 350 -1
365 372 -1
372 365 -1
640 645 -1
645 640 -1
700 770 -1
770 700 -1
365 640 -1
640 365 -1
365 705 -1
705 365 -1
437 438 -1
438 437 -1
484 540 -1
540 484 -1
490 500 -1
500 490 -1
490 517 -1
517 490 -1
490 517 -1
517 490 -1
490 626 -1
626 490 -1
501 520 -1
520 501 -1
625 626 -1
626 625 -1
630 700 -1
700 630 -1
630 750 -1
750 630 -1
630 770 -1
770 630 -1
365 366 -1
366 365 -1
200 365 -1
365 200 -1
365 375 -1
375 365 -1
255 365 -1
365 255 -1
365 385 -1
385 365 -1
365 390 -1
390 365 -1
365 732 -1
732 365 -1
365 740 -1
740 365 -1
365 369 -1
369 365 -1
652 666 -1
666 652 -1
652 660 -1
660 652 -1
652 663 -1
663 652 -1
640 652 -1
652 640 -1
645 652 -1
652 645 -1
2 652 -1
652 2 -1
652 666 -1
666 652 -1
652 670 -1
670 652 -1
200 652 -1
652 200 -1
2 365 -1
365 2 -1
200 365 -1
365 200 -1
490 500 -1
500 490 -1
702 703 -1
703 702 -1
2 710 -1
710 2 -1
710 732 -1
732 710 -1
710 740 -1
740 710 -1
710 816 -1
816 710 -1
713 740 -1
740 713 -1
713 840 -1
840 713 -1
750 771 -1
771 750 -1
775 800 -1
800 775 -1
703 704 -1
704 703 -1
710 750 -1
750 710 -1
731 732 -1
732 731 -1
731 740 -1
740 731 -1
