2 365 -1
365 2 -1
2 700 -1
700 2 -1
2 710 -1
710 2 -1
200 230 -1
230 200 -1
365 433 -1
433 365 -1
404 433 -1
433 404 -1
800 811 -1
811 800 -1
350 640 -1
640 350 -1
365 372 -1
372 365 -1
640 645 -1
645 640 -1
365 368 -1
368 365 -1
700 770 -1
770 700 -1
365 640 -1
640 365 -1
640 652 -1
652 640 -1
490 517 -1
517 490 -1
625 626 -1
626 625 -1
625 626 -1
626 625 -1
630 640 -1
640 630 -1
630 770 -1
770 630 -1
630 700 -1
700 630 -1
630 700 -1
700 630 -1
630 770 -1
770 630 -1
651 666 -1
666 651 -1
365 640 -1
640 365 -1
365 366 -1
366 365 -1
200 365 -1
365 200 -1
20 365 -1
365 20 -1
365 368 -1
368 365 -1
365 375 -1
375 365 -1
220 365 -1
365 220 -1
255 365 -1
365 255 -1
235 365 -1
365 235 -1
365 385 -1
385 365 -1
290 365 -1
365 290 -1
365 380 -1
380 365 -1
365 390 -1
390 365 -1
210 365 -1
365 210 -1
365 732 -1
732 365 -1
365 740 -1
740 365 -1
2 365 -1
365 2 -1
710 732 -1
732 710 -1
365 369 -1
369 365 -1
365 369 -1
369 365 -1
700 701 -1
701 700 -1
652 666 -1
666 652 -1
652 660 -1
660 652 -1
640 652 -1
652 640 -1
645 652 -1
652 645 -1
2 652 -1
652 2 -1
702 703 -1
703 702 -1
710 713 -1
713 710 -1
710 732 -1
732 710 -1
710 816 -1
816 710 -1
710 840 -1
840 710 -1
731 732 -1
732 731 -1
2 731 -1
731 2 -1
771 775 -1
775 771 -1
820 850 -1
850 820 -1
710 750 -1
750 710 -1
731 732 -1
732 731 -1
2 770 -1
770 2 -1
