200 235 1
200 380 1
245 255 1
245 267 1
245 269 1
245 271 1
245 273 1
245 275 1
245 300 1
255 267 1
255 269 1
255 271 1
255 273 1
255 275 1
255 300 1
267 269 1
267 271 1
267 273 1
267 275 1
267 300 1
269 271 1
269 273 1
269 275 1
269 300 1
271 273 1
271 275 1
271 300 1
273 275 1
273 300 1
275 300 1
300 337 1
300 325 1
255 300 1
255 365 1
300 365 1
325 329 1
365 640 1
255 300 1
255 365 1
300 365 1
300 365 1
255 300 1
255 365 1
300 365 1
255 365 1
200 220 1
200 230 1
200 235 1
220 230 1
220 235 1
230 235 1
