200 235 1
130 145 1
315 345 1
211 220 1
220 290 1
365 630 1
640 700 1
290 360 1
315 360 1
345 360 1
630 700 1
2 200 1
2 220 1
2 740 1
200 220 1
200 740 1
220 740 1
90 91 1
90 92 1
90 93 1
90 94 1
91 92 1
91 93 1
91 94 1
92 93 1
92 94 1
93 94 1
366 367 1
220 315 1
325 345 1
315 325 1
200 211 1
200 220 1
200 255 1
200 325 1
211 220 1
211 255 1
211 325 1
220 255 1
220 325 1
255 325 1
220 290 1
220 315 1
365 640 1
630 640 1
255 365 1
220 360 1
230 325 1
365 700 1
325 360 1
290 345 1
365 368 1
365 630 1
220 345 1
325 339 1
350 360 1
640 700 1
325 640 1
325 530 1
325 350 1
