200 235 1
130 145 1
365 700 1
315 365 1
365 712 1
145 150 1
230 235 1
100 101 1
600 615 1
600 616 1
600 620 1
600 625 1
600 645 1
600 651 1
600 652 1
600 660 1
600 663 1
600 670 1
600 678 1
600 690 1
615 616 1
615 620 1
615 625 1
615 645 1
615 651 1
615 652 1
615 660 1
615 663 1
615 670 1
615 678 1
615 690 1
616 620 1
616 625 1
616 645 1
616 651 1
616 652 1
616 660 1
616 663 1
616 670 1
616 678 1
616 690 1
620 625 1
620 645 1
620 651 1
620 652 1
620 660 1
620 663 1
620 670 1
620 678 1
620 690 1
625 645 1
625 651 1
625 652 1
625 660 1
625 663 1
625 670 1
625 678 1
625 690 1
645 651 1
645 652 1
645 660 1
645 663 1
645 670 1
645 678 1
645 690 1
651 652 1
651 660 1
651 663 1
651 670 1
651 678 1
651 690 1
652 660 1
652 663 1
652 670 1
652 678 1
652 690 1
660 663 1
660 670 1
660 678 1
660 690 1
663 670 1
663 678 1
663 690 1
670 678 1
670 690 1
678 690 1
290 365 1
290 315 1
2 41 1
2 42 1
2 51 1
2 52 1
2 53 1
2 70 1
2 90 1
2 91 1
2 92 1
2 93 1
2 94 1
2 95 1
2 100 1
2 101 1
2 130 1
2 135 1
2 140 1
2 145 1
2 150 1
2 155 1
2 160 1
2 165 1
41 42 1
41 51 1
41 52 1
41 53 1
41 70 1
41 90 1
41 91 1
41 92 1
41 93 1
41 94 1
41 95 1
41 100 1
41 101 1
41 130 1
41 135 1
41 140 1
41 145 1
41 150 1
41 155 1
41 160 1
41 165 1
42 51 1
42 52 1
42 53 1
42 70 1
42 90 1
42 91 1
42 92 1
42 93 1
42 94 1
42 95 1
42 100 1
42 101 1
42 130 1
42 135 1
42 140 1
42 145 1
42 150 1
42 155 1
42 160 1
42 165 1
51 52 1
51 53 1
51 70 1
51 90 1
51 91 1
51 92 1
51 93 1
51 94 1
51 95 1
51 100 1
51 101 1
51 130 1
51 135 1
51 140 1
51 145 1
51 150 1
51 155 1
51 160 1
51 165 1
52 53 1
52 70 1
52 90 1
52 91 1
52 92 1
52 93 1
52 94 1
52 95 1
52 100 1
52 101 1
52 130 1
52 135 1
52 140 1
52 145 1
52 150 1
52 155 1
52 160 1
52 165 1
53 70 1
53 90 1
53 91 1
53 92 1
53 93 1
53 94 1
53 95 1
53 100 1
53 101 1
53 130 1
53 135 1
53 140 1
53 145 1
53 150 1
53 155 1
53 160 1
53 165 1
70 90 1
70 91 1
70 92 1
70 93 1
70 94 1
70 95 1
70 100 1
70 101 1
70 130 1
70 135 1
70 140 1
70 145 1
70 150 1
70 155 1
70 160 1
70 165 1
90 91 1
90 92 1
90 93 1
90 94 1
90 95 1
90 100 1
90 101 1
90 130 1
90 135 1
90 140 1
90 145 1
90 150 1
90 155 1
90 160 1
90 165 1
91 92 1
91 93 1
91 94 1
91 95 1
91 100 1
91 101 1
91 130 1
91 135 1
91 140 1
91 145 1
91 150 1
91 155 1
91 160 1
91 165 1
92 93 1
92 94 1
92 95 1
92 100 1
92 101 1
92 130 1
92 135 1
92 140 1
92 145 1
92 150 1
92 155 1
92 160 1
92 165 1
93 94 1
93 95 1
93 100 1
93 101 1
93 130 1
93 135 1
93 140 1
93 145 1
93 150 1
93 155 1
93 160 1
93 165 1
94 95 1
94 100 1
94 101 1
94 130 1
94 135 1
94 140 1
94 145 1
94 150 1
94 155 1
94 160 1
94 165 1
95 100 1
95 101 1
95 130 1
95 135 1
95 140 1
95 145 1
95 150 1
95 155 1
95 160 1
95 165 1
100 101 1
100 130 1
100 135 1
100 140 1
100 145 1
100 150 1
100 155 1
100 160 1
100 165 1
101 130 1
101 135 1
101 140 1
101 145 1
101 150 1
101 155 1
101 160 1
101 165 1
130 135 1
130 140 1
130 145 1
130 150 1
130 155 1
130 160 1
130 165 1
135 140 1
135 145 1
135 150 1
135 155 1
135 160 1
135 165 1
140 145 1
140 150 1
140 155 1
140 160 1
140 165 1
145 150 1
145 155 1
145 160 1
145 165 1
150 155 1
150 160 1
150 165 1
155 160 1
155 165 1
160 165 1
310 360 1
360 365 1
310 365 1
200 210 1
200 211 1
200 212 1
200 220 1
200 260 1
200 325 1
210 211 1
210 212 1
210 220 1
210 260 1
210 325 1
211 212 1
211 220 1
211 260 1
211 325 1
212 220 1
212 260 1
212 325 1
220 260 1
220 325 1
260 325 1
355 365 1
365 375 1
315 355 1
290 355 1
290 310 1
310 355 1
315 360 1
290 360 1
2 20 1
2 200 1
2 210 1
2 211 1
2 212 1
2 220 1
2 235 1
2 260 1
2 325 1
2 350 1
2 385 1
2 390 1
2 395 1
2 640 1
20 200 1
20 210 1
20 211 1
20 212 1
20 220 1
20 235 1
20 260 1
20 325 1
20 350 1
20 385 1
20 390 1
20 395 1
20 640 1
200 210 1
200 211 1
200 212 1
200 220 1
200 235 1
200 260 1
200 325 1
200 350 1
200 385 1
200 390 1
200 395 1
200 640 1
210 211 1
210 212 1
210 220 1
210 235 1
210 260 1
210 325 1
210 350 1
210 385 1
210 390 1
210 395 1
210 640 1
211 212 1
211 220 1
211 235 1
211 260 1
211 325 1
211 350 1
211 385 1
211 390 1
211 395 1
211 640 1
212 220 1
212 235 1
212 260 1
212 325 1
212 350 1
212 385 1
212 390 1
212 395 1
212 640 1
220 235 1
220 260 1
220 325 1
220 350 1
220 385 1
220 390 1
220 395 1
220 640 1
235 260 1
235 325 1
235 350 1
235 385 1
235 390 1
235 395 1
235 640 1
260 325 1
260 350 1
260 385 1
260 390 1
260 395 1
260 640 1
325 350 1
325 385 1
325 390 1
325 395 1
325 640 1
350 385 1
350 390 1
350 395 1
350 640 1
385 390 1
385 395 1
385 640 1
390 395 1
390 640 1
395 640 1
310 315 1
365 710 1
600 615 1
600 616 1
600 620 1
600 625 1
600 645 1
600 651 1
600 652 1
600 660 1
600 663 1
600 670 1
600 678 1
600 690 1
600 696 1
615 616 1
615 620 1
615 625 1
615 645 1
615 651 1
615 652 1
615 660 1
615 663 1
615 670 1
615 678 1
615 690 1
615 696 1
616 620 1
616 625 1
616 645 1
616 651 1
616 652 1
616 660 1
616 663 1
616 670 1
616 678 1
616 690 1
616 696 1
620 625 1
620 645 1
620 651 1
620 652 1
620 660 1
620 663 1
620 670 1
620 678 1
620 690 1
620 696 1
625 645 1
625 651 1
625 652 1
625 660 1
625 663 1
625 670 1
625 678 1
625 690 1
625 696 1
645 651 1
645 652 1
645 660 1
645 663 1
645 670 1
645 678 1
645 690 1
645 696 1
651 652 1
651 660 1
651 663 1
651 670 1
651 678 1
651 690 1
651 696 1
652 660 1
652 663 1
652 670 1
652 678 1
652 690 1
652 696 1
660 663 1
660 670 1
660 678 1
660 690 1
660 696 1
663 670 1
663 678 1
663 690 1
663 696 1
670 678 1
670 690 1
670 696 1
678 690 1
678 696 1
690 696 1
2 840 1
2 900 1
2 920 1
900 920 1
2 740 1
200 620 1
2 732 1
2 200 1
2 220 1
2 770 1
2 800 1
2 840 1
2 900 1
2 920 1
200 220 1
200 770 1
200 800 1
200 840 1
200 900 1
200 920 1
220 770 1
220 800 1
220 840 1
220 900 1
220 920 1
770 800 1
770 840 1
770 900 1
770 920 1
800 840 1
800 900 1
800 920 1
840 900 1
840 920 1
900 920 1
2 713 1
2 200 1
2 630 1
2 640 1
2 770 1
200 630 1
200 640 1
200 770 1
630 640 1
630 770 1
640 770 1
265 290 1
265 315 1
265 355 1
265 360 1
265 365 1
290 315 1
290 355 1
290 360 1
290 365 1
315 355 1
315 360 1
315 365 1
355 360 1
355 365 1
360 365 1
220 620 1
616 620 1
200 820 1
2 20 1
2 630 1
2 770 1
2 640 1
2 450 1
220 482 1
220 483 1
220 484 1
482 483 1
482 484 1
483 484 1
350 352 1
350 640 1
352 640 1
220 481 1
700 710 1
710 811 1
365 731 1
710 731 1
501 530 1
90 91 1
90 92 1
90 93 1
90 94 1
90 95 1
91 92 1
91 93 1
91 94 1
91 95 1
92 93 1
92 94 1
92 95 1
93 94 1
93 95 1
94 95 1
265 365 1
490 516 1
490 517 1
516 517 1
265 290 1
265 315 1
265 310 1
645 651 1
645 663 1
651 663 1
265 355 1
200 590 1
600 615 1
