200 235 1
130 145 1
365 712 1
145 150 1
100 101 1
435 520 1
435 522 1
435 600 1
435 615 1
435 616 1
435 620 1
435 625 1
435 645 1
435 651 1
435 652 1
435 660 1
435 663 1
435 670 1
435 678 1
435 680 1
435 690 1
435 692 1
435 694 1
435 696 1
435 698 1
520 522 1
520 600 1
520 615 1
520 616 1
520 620 1
520 625 1
520 645 1
520 651 1
520 652 1
520 660 1
520 663 1
520 670 1
520 678 1
520 680 1
520 690 1
520 692 1
520 694 1
520 696 1
520 698 1
522 600 1
522 615 1
522 616 1
522 620 1
522 625 1
522 645 1
522 651 1
522 652 1
522 660 1
522 663 1
522 670 1
522 678 1
522 680 1
522 690 1
522 692 1
522 694 1
522 696 1
522 698 1
600 615 1
600 616 1
600 620 1
600 625 1
600 645 1
600 651 1
600 652 1
600 660 1
600 663 1
600 670 1
600 678 1
600 680 1
600 690 1
600 692 1
600 694 1
600 696 1
600 698 1
615 616 1
615 620 1
615 625 1
615 645 1
615 651 1
615 652 1
615 660 1
615 663 1
615 670 1
615 678 1
615 680 1
615 690 1
615 692 1
615 694 1
615 696 1
615 698 1
616 620 1
616 625 1
616 645 1
616 651 1
616 652 1
616 660 1
616 663 1
616 670 1
616 678 1
616 680 1
616 690 1
616 692 1
616 694 1
616 696 1
616 698 1
620 625 1
620 645 1
620 651 1
620 652 1
620 660 1
620 663 1
620 670 1
620 678 1
620 680 1
620 690 1
620 692 1
620 694 1
620 696 1
620 698 1
625 645 1
625 651 1
625 652 1
625 660 1
625 663 1
625 670 1
625 678 1
625 680 1
625 690 1
625 692 1
625 694 1
625 696 1
625 698 1
645 651 1
645 652 1
645 660 1
645 663 1
645 670 1
645 678 1
645 680 1
645 690 1
645 692 1
645 694 1
645 696 1
645 698 1
651 652 1
651 660 1
651 663 1
651 670 1
651 690 1
651 692 1
651 694 1
651 696 1
651 698 1
652 660 1
652 663 1
652 670 1
652 678 1
652 680 1
652 690 1
652 692 1
652 694 1
652 696 1
652 698 1
660 663 1
660 670 1
660 678 1
660 680 1
660 690 1
660 692 1
660 694 1
660 696 1
660 698 1
663 670 1
663 678 1
663 680 1
663 690 1
663 692 1
663 694 1
663 696 1
663 698 1
670 678 1
670 680 1
670 690 1
670 692 1
670 694 1
670 696 1
670 698 1
678 680 1
678 690 1
678 692 1
678 694 1
678 696 1
678 698 1
680 690 1
680 692 1
680 694 1
680 696 1
680 698 1
690 692 1
690 694 1
690 696 1
690 698 1
692 694 1
692 696 1
692 698 1
694 696 1
694 698 1
696 698 1
290 365 1
290 315 1
2 20 1
2 31 1
2 41 1
2 42 1
2 51 1
2 52 1
2 53 1
2 54 1
2 55 1
2 56 1
2 57 1
2 58 1
2 60 1
2 70 1
2 90 1
2 91 1
2 92 1
2 93 1
2 94 1
2 95 1
2 100 1
2 101 1
2 115 1
2 130 1
2 135 1
2 140 1
2 145 1
2 150 1
2 155 1
2 160 1
2 165 1
20 31 1
20 41 1
20 42 1
20 51 1
20 52 1
20 53 1
20 54 1
20 55 1
20 56 1
20 57 1
20 58 1
20 60 1
20 70 1
20 90 1
20 91 1
20 92 1
20 93 1
20 94 1
20 95 1
20 100 1
20 101 1
20 115 1
20 130 1
20 135 1
20 140 1
20 145 1
20 150 1
20 155 1
20 160 1
20 165 1
31 41 1
31 42 1
31 51 1
31 52 1
31 53 1
31 54 1
31 55 1
31 56 1
31 57 1
31 58 1
31 60 1
31 70 1
31 90 1
31 91 1
31 92 1
31 93 1
31 94 1
31 95 1
31 100 1
31 101 1
31 115 1
31 130 1
31 135 1
31 140 1
31 145 1
31 150 1
31 155 1
31 160 1
31 165 1
41 42 1
41 51 1
41 52 1
41 53 1
41 54 1
41 55 1
41 56 1
41 57 1
41 58 1
41 60 1
41 70 1
41 90 1
41 91 1
41 92 1
41 93 1
41 94 1
41 95 1
41 100 1
41 101 1
41 115 1
41 130 1
41 135 1
41 140 1
41 145 1
41 150 1
41 155 1
41 160 1
41 165 1
42 51 1
42 52 1
42 53 1
42 54 1
42 55 1
42 56 1
42 57 1
42 58 1
42 60 1
42 70 1
42 90 1
42 91 1
42 92 1
42 93 1
42 94 1
42 95 1
42 100 1
42 101 1
42 115 1
42 130 1
42 135 1
42 140 1
42 145 1
42 150 1
42 155 1
42 160 1
42 165 1
51 52 1
51 53 1
51 54 1
51 55 1
51 56 1
51 57 1
51 58 1
51 60 1
51 70 1
51 90 1
51 91 1
51 92 1
51 93 1
51 94 1
51 95 1
51 100 1
51 101 1
51 115 1
51 130 1
51 135 1
51 140 1
51 145 1
51 150 1
51 155 1
51 160 1
51 165 1
52 53 1
52 54 1
52 55 1
52 56 1
52 57 1
52 58 1
52 60 1
52 70 1
52 90 1
52 91 1
52 92 1
52 93 1
52 94 1
52 95 1
52 100 1
52 101 1
52 115 1
52 130 1
52 135 1
52 140 1
52 145 1
52 150 1
52 155 1
52 160 1
52 165 1
53 54 1
53 55 1
53 56 1
53 57 1
53 58 1
53 60 1
53 70 1
53 90 1
53 91 1
53 92 1
53 93 1
53 94 1
53 95 1
53 100 1
53 101 1
53 115 1
53 130 1
53 135 1
53 140 1
53 145 1
53 150 1
53 155 1
53 160 1
53 165 1
54 55 1
54 56 1
54 57 1
54 58 1
54 60 1
54 70 1
54 90 1
54 91 1
54 92 1
54 93 1
54 94 1
54 95 1
54 100 1
54 101 1
54 115 1
54 130 1
54 135 1
54 140 1
54 145 1
54 150 1
54 155 1
54 160 1
54 165 1
55 56 1
55 57 1
55 58 1
55 60 1
55 70 1
55 90 1
55 91 1
55 92 1
55 93 1
55 94 1
55 95 1
55 100 1
55 101 1
55 115 1
55 130 1
55 135 1
55 140 1
55 145 1
55 150 1
55 155 1
55 160 1
55 165 1
56 57 1
56 58 1
56 60 1
56 70 1
56 90 1
56 91 1
56 92 1
56 93 1
56 94 1
56 95 1
56 100 1
56 101 1
56 115 1
56 130 1
56 135 1
56 140 1
56 145 1
56 150 1
56 155 1
56 160 1
56 165 1
57 58 1
57 60 1
57 70 1
57 90 1
57 91 1
57 92 1
57 93 1
57 94 1
57 95 1
57 100 1
57 101 1
57 115 1
57 130 1
57 135 1
57 140 1
57 145 1
57 150 1
57 155 1
57 160 1
57 165 1
58 60 1
58 70 1
58 90 1
58 91 1
58 92 1
58 93 1
58 94 1
58 95 1
58 100 1
58 101 1
58 115 1
58 130 1
58 135 1
58 140 1
58 145 1
58 150 1
58 155 1
58 160 1
58 165 1
60 70 1
60 90 1
60 91 1
60 92 1
60 93 1
60 94 1
60 95 1
60 100 1
60 101 1
60 115 1
60 130 1
60 135 1
60 140 1
60 145 1
60 150 1
60 155 1
60 160 1
60 165 1
70 90 1
70 91 1
70 92 1
70 93 1
70 94 1
70 95 1
70 100 1
70 101 1
70 115 1
70 130 1
70 135 1
70 140 1
70 145 1
70 150 1
70 155 1
70 160 1
70 165 1
90 91 1
90 92 1
90 93 1
90 94 1
90 95 1
90 100 1
90 101 1
90 115 1
90 130 1
90 135 1
90 140 1
90 145 1
90 150 1
90 155 1
90 160 1
90 165 1
91 92 1
91 93 1
91 94 1
91 95 1
91 100 1
91 101 1
91 115 1
91 130 1
91 135 1
91 140 1
91 145 1
91 150 1
91 155 1
91 160 1
91 165 1
92 93 1
92 94 1
92 95 1
92 100 1
92 101 1
92 115 1
92 130 1
92 135 1
92 140 1
92 145 1
92 150 1
92 155 1
92 160 1
92 165 1
93 94 1
93 95 1
93 100 1
93 101 1
93 115 1
93 130 1
93 135 1
93 140 1
93 145 1
93 150 1
93 155 1
93 160 1
93 165 1
94 95 1
94 100 1
94 101 1
94 115 1
94 130 1
94 135 1
94 140 1
94 145 1
94 150 1
94 155 1
94 160 1
94 165 1
95 100 1
95 101 1
95 115 1
95 130 1
95 135 1
95 140 1
95 145 1
95 150 1
95 155 1
95 160 1
95 165 1
100 101 1
100 115 1
100 130 1
100 135 1
100 140 1
100 145 1
100 150 1
100 155 1
100 160 1
100 165 1
101 115 1
101 130 1
101 135 1
101 140 1
101 145 1
101 150 1
101 155 1
101 160 1
101 165 1
115 130 1
115 135 1
115 140 1
115 145 1
115 150 1
115 155 1
115 160 1
115 165 1
130 135 1
130 140 1
130 145 1
130 150 1
130 155 1
130 160 1
130 165 1
135 140 1
135 145 1
135 150 1
135 155 1
135 160 1
135 165 1
140 145 1
140 150 1
140 155 1
140 160 1
140 165 1
145 150 1
145 155 1
145 160 1
145 165 1
150 155 1
150 160 1
150 165 1
155 160 1
155 165 1
160 165 1
355 360 1
310 360 1
360 365 1
310 365 1
200 210 1
200 211 1
200 212 1
200 220 1
200 230 1
200 235 1
200 260 1
200 325 1
210 211 1
210 212 1
210 220 1
210 230 1
210 235 1
210 260 1
210 325 1
211 212 1
211 220 1
211 230 1
211 235 1
211 260 1
211 325 1
212 220 1
212 230 1
212 235 1
212 260 1
212 325 1
220 230 1
220 235 1
220 260 1
220 325 1
230 235 1
230 260 1
230 325 1
235 260 1
235 325 1
260 325 1
355 365 1
365 375 1
315 355 1
290 355 1
290 310 1
310 355 1
315 360 1
290 360 1
2 20 1
2 200 1
2 210 1
2 211 1
2 212 1
2 220 1
2 230 1
2 235 1
2 260 1
2 325 1
2 350 1
2 385 1
2 390 1
2 395 1
2 640 1
20 200 1
20 210 1
20 211 1
20 212 1
20 220 1
20 230 1
20 235 1
20 260 1
20 325 1
20 350 1
20 385 1
20 390 1
20 395 1
20 640 1
200 210 1
200 211 1
200 212 1
200 220 1
200 230 1
200 235 1
200 260 1
200 325 1
200 350 1
200 385 1
200 390 1
200 395 1
200 640 1
210 211 1
210 212 1
210 220 1
210 230 1
210 235 1
210 260 1
210 325 1
210 350 1
210 385 1
210 390 1
210 395 1
210 640 1
211 212 1
211 220 1
211 230 1
211 235 1
211 260 1
211 325 1
211 350 1
211 385 1
211 390 1
211 395 1
211 640 1
212 220 1
212 230 1
212 235 1
212 260 1
212 325 1
212 350 1
212 385 1
212 390 1
212 395 1
212 640 1
220 230 1
220 235 1
220 260 1
220 325 1
220 350 1
220 385 1
220 390 1
220 395 1
220 640 1
230 235 1
230 260 1
230 325 1
230 350 1
230 385 1
230 390 1
230 395 1
230 640 1
235 260 1
235 325 1
235 350 1
235 385 1
235 390 1
235 395 1
235 640 1
260 325 1
260 350 1
260 385 1
260 390 1
260 395 1
260 640 1
325 350 1
325 385 1
325 390 1
325 395 1
325 640 1
350 385 1
350 390 1
350 395 1
350 640 1
385 390 1
385 395 1
385 640 1
390 395 1
390 640 1
395 640 1
310 315 1
520 600 1
520 615 1
520 616 1
520 620 1
520 625 1
520 645 1
520 651 1
520 652 1
520 660 1
520 663 1
520 670 1
520 678 1
520 680 1
520 690 1
520 692 1
520 694 1
520 696 1
600 615 1
600 616 1
600 620 1
600 625 1
600 645 1
600 651 1
600 652 1
600 660 1
600 663 1
600 670 1
600 678 1
600 680 1
600 690 1
600 692 1
600 694 1
600 696 1
615 616 1
615 620 1
615 625 1
615 645 1
615 651 1
615 652 1
615 660 1
615 663 1
615 670 1
615 678 1
615 680 1
615 690 1
615 692 1
615 694 1
615 696 1
616 620 1
616 625 1
616 645 1
616 651 1
616 652 1
616 660 1
616 663 1
616 670 1
616 678 1
616 680 1
616 690 1
616 692 1
616 694 1
616 696 1
620 625 1
620 645 1
620 651 1
620 652 1
620 660 1
620 663 1
620 670 1
620 678 1
620 680 1
620 690 1
620 692 1
620 694 1
620 696 1
625 645 1
625 651 1
625 652 1
625 660 1
625 663 1
625 670 1
625 678 1
625 680 1
625 690 1
625 692 1
625 694 1
625 696 1
645 651 1
645 652 1
645 660 1
645 663 1
645 670 1
645 678 1
645 680 1
645 690 1
645 692 1
645 694 1
645 696 1
651 652 1
651 660 1
651 663 1
651 670 1
651 690 1
651 692 1
651 694 1
651 696 1
652 660 1
652 663 1
652 670 1
652 680 1
652 690 1
652 692 1
652 694 1
652 696 1
660 663 1
660 670 1
660 678 1
660 680 1
660 690 1
660 692 1
660 694 1
660 696 1
663 670 1
663 678 1
663 680 1
663 690 1
663 692 1
663 694 1
663 696 1
670 678 1
670 680 1
670 690 1
670 692 1
670 694 1
670 696 1
678 680 1
678 690 1
678 692 1
678 694 1
678 696 1
680 690 1
680 692 1
680 694 1
680 696 1
690 692 1
690 694 1
690 696 1
692 694 1
692 696 1
694 696 1
2 840 1
2 900 1
2 740 1
2 732 1
265 290 1
265 315 1
265 355 1
265 360 1
265 365 1
290 315 1
290 355 1
290 360 1
290 365 1
315 355 1
315 360 1
315 365 1
355 360 1
355 365 1
360 365 1
220 620 1
2 20 1
2 770 1
2 640 1
2 450 1
220 481 1
365 731 1
710 731 1
501 530 1
265 365 1
490 516 1
490 517 1
516 517 1
265 290 1
265 315 1
265 310 1
265 355 1
220 365 1
20 365 1
365 750 1
750 771 1
365 645 1
265 360 1
750 770 1
625 651 1
365 540 1
365 541 1
365 816 1
365 530 1
155 160 1
438 450 1
265 540 1
265 541 1
365 680 1
265 530 1
265 680 1
530 680 1
404 438 1
365 652 1
365 484 1
402 404 1
402 420 1
402 432 1
402 433 1
402 434 1
402 435 1
402 436 1
402 437 1
402 438 1
402 439 1
402 450 1
402 451 1
402 452 1
402 461 1
402 475 1
404 420 1
404 432 1
404 433 1
404 434 1
404 435 1
404 436 1
404 437 1
404 438 1
404 439 1
404 450 1
404 451 1
404 452 1
404 461 1
404 475 1
420 432 1
420 433 1
420 434 1
420 435 1
420 436 1
420 437 1
420 438 1
420 439 1
420 450 1
420 451 1
420 452 1
420 461 1
420 475 1
432 433 1
432 434 1
432 435 1
432 436 1
432 437 1
432 438 1
432 439 1
432 450 1
432 451 1
432 452 1
432 461 1
432 475 1
433 434 1
433 435 1
433 436 1
433 437 1
433 438 1
433 439 1
433 450 1
433 451 1
433 452 1
433 461 1
433 475 1
434 435 1
434 436 1
434 437 1
434 438 1
434 439 1
434 450 1
434 451 1
434 452 1
434 461 1
434 475 1
435 436 1
435 437 1
435 438 1
435 439 1
435 450 1
435 451 1
435 452 1
435 461 1
435 475 1
436 437 1
436 438 1
436 439 1
436 450 1
436 451 1
436 452 1
436 461 1
436 475 1
437 438 1
437 439 1
437 450 1
437 451 1
437 452 1
437 461 1
437 475 1
438 439 1
438 450 1
438 451 1
438 452 1
438 461 1
438 475 1
439 450 1
439 451 1
439 452 1
439 461 1
439 475 1
450 451 1
450 452 1
450 461 1
450 475 1
451 452 1
451 461 1
451 475 1
452 461 1
452 475 1
461 475 1
54 56 1
54 57 1
54 58 1
54 60 1
56 57 1
56 58 1
56 60 1
57 58 1
57 60 1
58 60 1
310 540 1
420 433 1
560 572 1
315 620 1
355 620 1
435 615 1
435 616 1
615 616 1
541 560 1
338 620 1
155 160 1
438 450 1
438 451 1
450 451 1
700 770 1
435 600 1
435 615 1
435 616 1
435 620 1
600 615 1
600 616 1
600 620 1
615 616 1
615 620 1
616 620 1
645 670 1
